0	  293.3067  495.6110
1	  534.5388  572.5732
2	  668.2017  650.2673
3	  130.6467  273.6333
4	  627.1900  860.9881
5	  821.0219  751.3575
6	  126.3550  203.6050
7	  936.0536  288.6235
8	  570.0982  879.5848
9	  868.7445   16.9076
10	  525.6682  909.6910
11	  280.9437  260.9239
12	  318.1107  254.2589
13	   30.8314  974.0659
14	  546.2421  359.0124
15	  947.5158  810.2325
16	  678.9510  654.8565
17	  988.4152  528.2285
18	  847.8661  916.1489
19	  702.3484  665.6607
20	  658.0397  533.2863
21	  160.7853  416.3392
22	  324.4128  273.2762
23	  636.0205  639.4853
24	  104.0770  400.8172
25	  906.7116  732.3336
26	  449.9425  614.5560
27	  894.3843  263.1784
28	  524.7258  771.2935
29	  244.8496  237.6144
30	  468.4896  874.3403
31	   13.8835   70.7769
32	  578.5013  673.5138
33	   70.0067  669.1116
34	  924.9479  485.9669
35	  547.8608  143.8289
36	  823.2115   53.9275
37	  931.1657  947.9424
38	  192.9845  136.4750
39	  213.6211  348.9024
40	  444.9128  648.8793
41	  417.5998  806.2321
42	  656.0542  914.5935
43	  862.3973  247.7882
44	  578.7741  346.8739
45	  324.6047  734.5652
46	  495.6969  540.2286
47	   72.2544  702.9107
48	  318.5602  908.6409
49	  225.6172   83.2497
50	  100.6526  871.3462
51	  732.0082  857.0056
52	  123.7484  749.4794
53	   84.6892  408.0372
54	  506.8774  405.8884
55	  571.6230  364.4990
56	  582.2835  696.5845
57	  188.1517  526.1040
58	  515.1987  151.3934
59	   98.3100  894.9210
60	  214.2801  717.0173
61	  816.8154  184.4742
62	  859.5141  839.8613
63	  895.5163  621.7722
64	  461.0316  190.6788
65	  445.5232  172.6040
66	  532.7749  836.8234
67	  841.9274   36.5071
68	   44.5602  870.0169
69	  489.3090  946.5019
70	  774.6951  646.7844
71	  183.8915  787.0766
72	  581.3447  194.3528
73	  230.4324  398.8301
74	  873.9995    4.7459
75	  547.2373   47.1766
76	  813.9034  917.6121
77	  386.8654  363.2433
78	  579.2494  896.3708
79	  305.8088  825.6626
80	  939.6047  758.7388
81	  990.9029   91.8148
82	  621.2190   38.8594
83	  267.8565  917.4787
84	  879.6518  939.9267
85	  313.8370  341.2616
86	  285.9973  248.4768
87	  137.3279  651.2359
88	  397.6528  505.5279
89	  386.9164  564.9287
90	  602.0053  333.3986
91	  176.9749  217.7929
92	  811.5615  330.6194
93	   99.2488  583.0060
94	  868.6799  887.2796
95	  779.4267  691.3148
96	  814.9134  267.1004
97	  842.3986  848.1620
98	  149.7905  458.9206
99	   71.1787  526.3911
100	  805.9498  441.2477
101	   14.5392  382.0748
102	  309.4310  999.3307
103	  430.9682  164.3549
104	  415.7374  364.8293
105	  341.4422  461.8710
106	  996.9813  765.2161
107	  365.2764  226.1550
108	  767.8497  593.6036
109	  804.5715  544.7661
110	   65.3583  380.2881
111	  436.2969   50.2959
112	  617.3634  834.4773
113	  129.9665   36.5871
114	  899.6450  720.1855
115	   73.5498  250.0467
116	  501.5599  655.2256
117	  123.4111  562.8015
118	  889.7510  329.8649
119	   13.8688  726.9410
120	  126.4054  993.2638
121	  228.9080   73.4302
122	  370.9291  491.9408
123	  829.4547  552.3098
124	  208.1086  141.9357
125	   64.4367  592.0621
126	    8.9594  750.9276
127	  480.8401  344.6863
128	  637.7819  413.4771
129	  467.5957  668.7930
130	  919.9635   93.7931
131	  896.7842  143.7426
132	  770.0019   36.5564
133	  182.1845  573.1696
134	  225.9577  837.8189
135	  542.6181  215.0672
136	  451.8049  798.5562
137	  604.7224  744.0306
138	  823.1891  816.5749
139	  772.3553  797.7636
140	  236.8367  795.1613
141	  591.2476  150.4650
142	  396.5541   97.9587
143	  511.1473   76.2148
144	  468.7684  884.4658
145	  102.8073  406.4873
146	  256.2154  904.3499
147	  323.9192  541.2908
148	  275.5621  224.1574
149	  826.7422  841.0079
150	  160.0177  349.3065
151	  668.8553  590.9103
152	  612.0814  832.3746
153	   19.0163   54.6934
154	  414.4865  494.5956
155	  365.4912  656.3604
156	  172.5062  908.2117
157	  283.1933  868.0000
158	  966.7771  470.3127
159	  700.5299  452.0188
160	  857.3572  592.1509
161	  552.0668   76.4778
162	  199.9148  416.5284
163	  123.9254   47.8205
164	  856.1468  377.6778
165	  326.9641  449.5101
166	   63.9455   36.4049
167	  704.6842  507.3707
168	  154.4453  510.1835
169	  121.0425  435.2167
170	  894.3359  923.5433
171	  892.0297  829.9182
172	  712.3842  849.2116
173	  868.8616  621.8109
174	  431.2644   17.5064
175	    9.5318  111.2456
176	  308.2513  851.6971
177	  983.3475  516.4460
178	  370.0181  257.7050
179	    3.8805  245.3740
180	  278.2032  897.4971
181	  117.2093  588.7717
182	  286.9409  478.1202
183	   27.7092  819.3853
184	  865.5207  175.2667
185	  384.8914  664.6184
186	  797.8653  109.3989
187	  732.1796  551.6957
188	  538.5620  350.3667
189	  167.5989  975.5818
190	  133.2267  489.8256
191	  670.0484  614.0405
192	  347.7525  537.1195
193	  866.4415   74.4280
194	  421.5424  394.0382
195	  760.2801  720.6332
196	   32.1142  406.5812
197	  605.8360  367.4088
198	  434.1214  200.3458
199	  950.3715  949.0287
200	  537.6683   12.8950
201	  842.8027  444.9856
202	  958.5179  988.6674
203	  644.8951  597.0898
204	  683.1276  191.2536
205	  232.7360  552.0108
206	  103.2159  448.2034
207	   38.2545   91.0516
208	  160.6379  666.3800
209	  440.7190  640.2851
210	  519.4029  980.7269
211	  711.5360  904.2576
212	  348.7983  169.6649
213	  779.8043  988.5684
214	   21.0903  374.4908
215	  659.0659   63.8980
216	  761.2215  322.5686
217	  395.2516  550.6960
218	  752.3995   79.6409
219	  328.2116  779.7132
220	  369.0598  255.0735
221	  562.4606  805.2610
222	  735.3353  460.2839
223	  183.4478  426.9235
224	  882.7302  637.1545
225	  138.1890  203.1472
226	  371.2412  842.7111
227	  423.6177  317.3222
228	  366.6739  438.0039
229	  290.5710  437.7735
230	  160.0972  427.9581
231	  453.5950  201.4314
232	  416.7793  402.2472
233	  832.2482  235.6610
234	  103.8407  422.5144
235	  390.6317  707.6189
236	   31.8257   29.0774
237	  618.0901  141.2591
238	   51.5734  315.6661
239	  223.2702   74.1843
240	  426.8060  886.8549
241	  679.0226  735.0034
242	  201.5253  923.1918
243	  442.8984  501.3018
244	  955.9367  183.4860
245	  731.3279  711.8959
246	  598.8244  225.3460
247	  512.0413  359.8688
248	  723.3307   67.1214
249	   61.9515  327.1966
250	  751.4532  953.4821
251	  926.7794  150.8033
252	  951.3448  868.5715
253	  900.7405  445.3517
254	  842.2466  354.9179
255	  689.2718  855.6919
256	  817.2169  355.7997
257	  348.1816  844.7425
258	  758.6394  510.2224
259	  185.6740  823.4830
260	  112.4488  853.8802
261	  250.6942  392.6575
262	  925.0471  625.0286
263	  495.5658  259.9919
264	  807.5540  185.6337
265	  134.5211  860.0824
266	  575.4815  979.5461
267	  516.1987  880.3504
268	  774.4066  602.2073
269	  226.5721  487.3189
270	  908.1114  839.8389
271	  481.3580  925.2763
272	   45.4910  904.9513
273	  617.5644  913.1729
274	  928.5856  148.0810
275	   65.2306  122.5744
276	  963.8985  322.6505
277	  698.0423  199.5450
278	   12.1738  404.5427
279	  667.9627  489.4358
280	  422.5822  996.9832
281	  387.4865  552.7205
282	  868.8697   93.9996
283	  890.7781  393.3555
284	  538.3220  812.4112
285	   38.7227  750.5137
286	  489.5509  484.6432
287	  186.9120  289.3635
288	  329.2470  835.4975
289	  328.9305  685.3616
290	   86.9840  913.7817
291	  946.5099  837.8924
292	  558.0792  798.2137
293	  978.6584  219.8251
294	   71.8461  930.8084
295	  228.7950  106.1945
296	  736.8140  817.5635
297	  937.2919  106.6437
298	  610.6787  212.5326
299	  147.7322  826.4034
300	  315.1214   40.9534
301	  855.6556  149.4995
302	  948.2542  658.2797
303	  780.8103  206.2085
304	  524.4285  992.2765
305	   35.6387  712.4998
306	  814.3771  169.8107
307	  760.7535  522.6035
308	  838.2799  580.0436
309	  276.3972  752.1610
310	  327.3939  301.9747
311	  614.4823   82.1134
312	  574.8207  912.2925
313	  318.7131  299.5728
314	  832.1835  810.5572
315	  652.3683  838.8044
316	  996.9330  760.6734
317	  776.4051  805.5473
318	  984.8115  283.6392
319	  199.4583  222.9467
320	  715.1603  851.5779
321	  121.5072  335.9356
322	  217.7016  296.9546
323	  309.4858  690.4372
324	  489.7458  912.2734
325	  608.2031  395.1337
326	  489.3357   98.1035
327	  910.6510  685.3655
328	  684.6848  947.4086
329	  530.7525  949.9267
330	  378.8972  854.9531
331	  864.2041  136.9589
332	  202.9703  277.7548
333	  887.5789  647.9094
334	    2.6473  801.0207
335	  721.7995  713.3079
336	  824.5117  554.9862
337	  148.3885  229.7219
338	  352.7012  222.5570
339	  403.9762  370.1266
340	  635.7726  132.3605
341	  818.4532  115.0611
342	  540.1840  235.0557
343	  445.5326  334.4155
344	   43.3076  577.5630
345	  664.4133  488.9297
346	   78.7077   51.2152
347	  953.0616  472.0066
348	  873.2064   53.7521
349	  852.0191  286.3619
350	  693.0323  884.3492
351	  251.7560  685.8554
352	  309.7132  703.5198
353	   94.7149  868.3464
354	   94.3291  557.4200
355	  174.6063  593.6923
356	  242.8303   56.7505
357	  204.4576  534.5616
358	  212.7004  462.5100
359	  372.0399  634.7380
360	  745.1754  175.7363
361	   60.1591  531.5648
362	  550.6213  513.3708
363	  288.0654  924.0544
364	  872.9623  584.3828
365	  982.8427  167.0042
366	  232.2444  553.4483
367	  307.8022  297.6709
368	  273.7174  300.7399
369	   47.4133  183.2932
370	  398.0825  126.5453
371	  685.1672  555.8690
372	  818.8190  963.4527
373	  874.2644  188.5518
374	  301.3938  131.7459
375	  118.3661   79.9980
376	  155.9967  149.9930
377	  231.6842  449.9323
378	  567.4695  548.4298
379	  780.8833  148.6530
380	  980.2690  306.2726
381	  660.2843  363.7722
382	  191.7677   16.0074
383	   46.4948  232.0829
384	  185.7457  672.9938
385	  399.3494   80.1893
386	  322.9572  152.8367
387	  976.8073  567.5077
388	  169.5025   63.3594
389	  655.8694  793.3631
390	  805.2953  626.0839
391	  772.4006  619.4968
392	  621.6375  329.7990
393	  550.3663  656.5481
394	  418.9058  793.2612
395	  893.4618   20.1720
396	  846.2855  832.8239
397	  712.5565   46.5049
398	  829.0782   85.7700
399	  828.7649  876.8063
400	  218.4344  857.9320
401	  732.8387    5.6827
402	  948.7246  184.4147
403	  981.6860  605.2050
404	   72.5192  844.2897
405	  307.9289  860.7917
406	  673.9100  678.5142
407	   69.4268  555.2772
408	  841.6782  776.6271
409	  210.2446  321.3836
410	  286.4891  367.3657
411	  368.5203  733.0235
412	  498.4536  362.7087
413	  386.4873  664.3427
414	  798.4382  101.2283
415	  529.1187  669.4623
416	  551.9020  774.4112
417	  352.9248  813.3052
418	  717.1864  177.3151
419	  557.0805  218.2378
420	  333.5948  899.0905
421	  373.2594  117.7284
422	  576.8128  939.6219
423	  140.4571  981.4592
424	  150.8329  691.3897
425	  596.0901  343.4672
426	   48.7450  140.1135
427	  127.8750  664.4332
428	  159.2419  778.8525
429	  431.2132  827.7169
430	  642.6200  208.1529
431	  785.4576  423.1231
432	  576.3900  571.0764
433	  185.4653  281.5615
434	  796.7653  260.5451
435	  409.8173  976.8705
436	   83.1760  857.1661
437	  112.5044  203.7196
438	  431.2831  858.0109
439	  160.5686  735.6839
440	  733.1193  710.6094
441	  574.1477  761.9685
442	  437.3414  933.1491
443	  989.8917  110.5492
444	  849.1276  199.9057
445	  680.9445  290.8895
446	  868.0429  757.1202
447	  640.6850  999.0646
448	  511.7355  107.8044
449	  484.3376  388.7009
450	  903.9044  939.6356
451	  673.5644   94.7886
452	  713.5712  394.1540
453	  112.8438  340.1031
454	   14.2416   44.6114
455	  918.2668   97.0140
456	  158.5395  438.9464
457	  449.3894  701.4651
458	   99.2223  941.9406
459	  652.4827  909.8956
460	  568.6706  709.1008
461	  921.9227  460.0536
462	  472.2021  568.7203
463	  363.5397  170.7468
464	   82.9261  656.8633
465	   33.2642  834.2612
466	  229.1687  397.9594
467	  129.4816  787.9078
468	  897.9940   54.8042
469	  754.1192  866.5271
470	  448.3943  237.3836
471	  988.2362  481.6867
472	  173.5428  714.9364
473	  587.2597  893.9062
474	  701.7680  459.6752
475	  909.9128  181.6899
476	  744.7465  652.0649
477	  864.4654    4.6510
478	  629.7857  490.3635
479	  401.7310  552.5439
480	   27.6010  665.9259
481	  163.0594  579.8673
482	  673.5698  795.5212
483	  225.0508  214.8151
484	  369.4543  835.0786
485	  530.5964  376.4405
486	  767.3835  497.2688
487	  599.9512  630.4953
488	  818.5374  801.5163
489	  405.9245  405.5690
490	  472.1435  333.2275
491	  897.1413  690.4870
492	  515.0177  238.3107
493	  125.0709  232.7464
494	  310.9824  945.1158
495	  748.0686  170.6081
496	  641.8178  751.1709
497	  834.2285  691.9704
498	  872.9340  575.0224
499	   44.5672   12.7921
500	  292.5420  998.4907
501	  727.8713  992.0502
502	  808.6526  491.1918
503	  714.6289  905.5205
504	  406.9987  865.6595
505	  957.0088  361.3797
506	  139.0754  575.5406
507	  525.3952  700.6747
508	  213.5513  299.2469
509	  423.6249  110.6228
510	  572.0433  751.3773
511	  899.3863  630.8772
512	  259.7686  327.2507
513	  811.2209  868.4902
514	   54.1463  910.5807
515	   41.1997  589.9742
516	  228.7634  427.8258
517	  329.2327  346.7653
518	  198.7375  528.2914
519	  505.8645  946.3789
520	   27.3144  309.8087
521	  581.5926  110.0314
522	  962.1104  312.5026
523	  213.7896  603.6346
524	  777.1092  361.4094
525	  501.7321  665.6697
526	  929.7656  995.4556
527	  753.6133  713.2559
528	  303.6029   29.5567
529	  273.0650   71.3181
530	  118.4435  452.6104
531	  102.9519  636.2583
532	  197.3405  282.7548
533	  196.3382  391.9986
534	  764.8204  129.3956
535	  666.9682  211.2679
536	  823.7275  149.8752
537	   67.4656  798.6456
538	  418.4309  102.8530
539	  895.8066  298.4926
540	  957.2604  426.6583
541	  902.9452  434.3950
542	  925.4477  188.6111
543	  646.7360  751.9272
544	  981.0630  453.8647
545	  994.7447  281.2552
546	  570.2504  738.6543
547	  321.4259  456.4000
548	  914.7123    1.8088
549	  321.2621  167.8283
550	  548.3633  107.5492
551	  852.3930  749.8904
552	  627.0578  149.0935
553	  923.2340  414.9321
554	   25.9134  603.7750
555	  914.8873  998.7881
556	  762.3018  911.3486
557	  886.1763  840.9225
558	  452.1321  561.8864
559	  578.3074  236.0509
560	  168.6652  840.8240
561	  880.6289  945.9610
562	  598.4669  190.4116
563	   35.8056  502.1747
564	  813.4224  645.9726
565	  474.2279  663.7872
566	  965.7307  448.6741
567	  176.5125  803.8988
568	  102.4463  844.0109
569	   25.8998  995.4255
570	  165.1228  977.2602
571	  620.6283  738.4896
572	  559.1140  499.7087
573	  951.3289   71.4906
574	  725.6790  499.9586
575	  174.3449  461.6459
576	  449.9482  791.0956
577	  216.1330  284.0463
578	  305.5359  235.5260
579	  342.6473  552.3840
580	  258.1786  120.1317
581	  222.6693    8.1889
582	  890.7402  958.2690
583	  780.1517   78.3722
584	  457.4405  262.9853
585	  775.3753  252.7080
586	  538.3525  148.1933
587	  593.6473  675.5823
588	  510.6499  393.8167
589	  376.4239  280.9186
590	  162.0877  639.4405
591	   72.6795  149.6591
592	    8.3738  115.0775
593	  767.1413  372.9182
594	  770.2726  212.6236
595	  783.3669  947.5453
596	  614.8401  410.2454
597	  755.4940   17.7625
598	  918.8699  400.2389
599	  470.0521  998.4054
600	  573.0257   89.3164
601	  847.1151   96.2422
602	  435.8654  237.5156
603	  127.5566  738.8314
604	  363.2719  178.4857
605	  137.3598  686.4558
606	  276.9010   75.6339
607	  717.9665  536.9237
608	  777.1305  153.3794
609	  826.3517  280.4668
610	  228.2677  366.3912
611	  106.5531  808.7723
612	  826.8268   33.1138
613	  358.0373  484.2310
614	  242.3676  990.4500
615	  316.1382  744.9338
616	  348.4124  964.3878
617	  319.0838  468.7132
618	  602.5343  711.4705
619	  236.9079  996.8701
620	  391.4152  435.4611
621	  239.6082  749.0238
622	   43.6040  233.4615
623	  690.8910   86.0072
624	  306.4894  484.9736
625	  845.4850  723.0575
626	  690.7369  506.2228
627	  119.6891  274.2408
628	  342.8440  923.3808
629	  365.5872  993.3767
630	  540.9178  542.0220
631	  926.0147   23.0023
632	   46.2898  942.1161
633	  805.7520  627.3037
634	  488.2368  340.2857
635	  830.9406  572.5333
636	  936.5661  164.6786
637	  153.5262   66.3905
638	  947.2337  513.4526
639	  399.6944  336.3580
640	  209.1674  104.7945
641	  706.9720  932.9418
642	   40.4777  511.2511
643	  716.8489   76.5606
644	   62.2257  616.9452
645	   93.8804  967.6508
646	    7.1940  699.4249
647	  559.8319  964.3232
648	  643.5679  995.3664
649	  231.4977  594.6296
650	  292.8949  656.2008
651	  167.6595  166.5883
652	  144.3541  449.1605
653	  665.0782  581.9764
654	  891.8489   12.2631
655	  270.4830  289.2703
656	  961.8186  724.1354
657	  590.6204  346.3711
658	  817.8788  296.4004
659	  440.1094  160.8537
660	  828.3711  313.3572
661	  558.7849  316.5942
662	  269.1301   92.9298
663	  148.4321  558.5568
664	  279.8258  184.5348
665	  334.5163  463.4248
666	  526.4242  705.0750
667	  508.0800  984.6753
668	  724.1902  738.1528
669	  437.7477  974.7472
670	  616.2766  558.5194
671	  941.6877  927.8809
672	  680.6667   45.7896
673	  535.5958  758.7144
674	  117.1943   44.0211
675	  614.0844  318.2624
676	  274.5828   44.0900
677	  413.8997   56.1986
678	  448.2293  515.1025
679	  936.3085  215.6036
680	  938.5834  831.5079
681	  495.0542  541.7848
682	  988.2794  723.7087
683	  632.6774  402.9441
684	  184.9607  769.5972
685	  640.9537  383.3342
686	   54.7770  894.9761
687	  494.9779  274.3154
688	  142.7346  426.7874
689	  576.5943  204.9683
690	  588.6216  595.2116
691	   41.1598  422.9210
692	  381.9051  920.8649
693	  836.9021  292.6369
694	  711.7562  198.4367
695	   36.8811  605.3294
696	  265.4250   95.9123
697	  314.0551  157.8902
698	  383.4855  241.4320
699	   42.2282  547.0295
700	  770.6545  194.2864
701	  606.8862  767.8686
702	  914.5133  845.4464
703	  755.0130  847.1302
704	  431.9846  182.1534
705	  347.3977  274.2806
706	  790.6717  310.7576
707	  302.0163  675.8963
708	  958.5472  590.1037
709	  815.4043  733.2693
710	  127.3544  891.2198
711	  601.0748  257.8486
712	  859.1388  771.2792
713	  523.8253  787.7364
714	   61.6353  550.9372
715	  197.9523  699.8901
716	  739.2399  709.7526
717	  114.5605  347.7685
718	  513.7052    7.6318
719	  666.7205  792.0674
720	    8.0522  155.3280
721	  781.3813  545.6917
722	  591.2973   63.8556
723	  783.0247  845.7461
724	  906.1757  838.3447
725	  440.5034  388.3602
726	  849.5983  263.1393
727	  735.5973  971.6276
728	  662.0288  435.2386
729	  564.5717  493.5518
730	  301.0083  264.2176
731	  537.3780   69.0294
732	  425.8716  990.2792
733	  702.4850  723.0004
734	  194.5950  892.9240
735	  106.8647  112.1618
736	  186.1338  777.0012
737	  135.7616  765.6944
738	  207.0089  487.2490
739	  619.9343  537.6722
740	  114.9139  429.4744
741	  626.8211  670.3587
742	  972.3184  908.3922
743	  929.6966   96.0252
744	  960.3555  321.0582
745	  522.1904   16.3088
746	  920.3994  736.5828
747	  371.8891  821.8240
748	  166.8675  542.6858
749	  991.1134  272.0623
750	  115.6730  632.7758
751	  146.2054  693.3724
752	   89.9911  138.3170
753	  304.4595  147.6202
754	  948.1491  298.2606
755	  699.4541  299.4568
756	  398.7493  533.4820
757	  373.2762  635.6526
758	  915.2941  455.8107
759	  856.0809  272.4540
760	  837.0337  405.9897
761	  424.3088  158.0065
762	  161.0951  824.9606
763	  405.4637  848.2398
764	  195.8498  198.5411
765	  860.0203  239.1430
766	  718.7301  785.3598
767	  277.7173  468.0244
768	   36.5048  299.4188
769	  649.8829  514.4405
770	  110.3899  469.2832
771	  873.5954  975.5257
772	  453.1233   62.1121
773	  358.7061  457.6875
774	  265.5981  232.1448
775	  268.8130  128.7465
776	   72.0704  237.5768
777	  784.5715  386.8174
778	  300.6887   70.7808
779	  357.1343   61.6537
780	   51.5708  332.1723
781	  829.3776  314.3910
782	  428.7266  216.7104
783	  840.4207  116.7152
784	  667.2156  304.1696
785	  783.9461  686.6220
786	  987.7252  224.1922
787	  206.3700  555.6856
788	  937.0881  301.9055
789	  127.1204  619.3050
790	  971.6631   52.0738
791	  713.4710  448.5179
792	  732.9970  708.6132
793	  170.1790  819.0103
794	  118.9946  651.1532
795	  446.6477  791.8198
796	  755.1088  892.7684
797	  829.6864  503.2834
798	  119.8026   91.5779
799	  258.7677  860.9769
800	  920.1460  417.2787
801	  786.6589  423.2286
802	  789.1645  420.0633
803	   60.3950  285.4014
804	   26.7624  683.0983
805	   83.6813  873.0216
806	   69.1999  994.8695
807	  786.3339  237.6728
808	  141.1981  862.2711
809	  725.4088  846.8437
810	  676.6720  261.1811
811	  987.5287  424.9335
812	  608.7086  802.6295
813	  714.1341  322.6915
814	  288.9549  493.9831
815	  350.7048  316.2551
816	  397.8933  244.0778
817	  547.0351  780.9332
818	  699.5765  707.2519
819	  272.5791   42.1800
820	  253.1382  683.3856
821	  555.0612  988.9417
822	  369.5373  161.5379
823	  870.3095  185.1053
824	  728.9724  981.1444
825	  211.7913   58.3730
826	  441.1964   73.8482
827	  647.5384  404.9396
828	  830.4742  616.8102
829	  609.2182  533.9495
830	  275.0520  127.3611
831	  548.0490   14.9279
832	  553.7535  788.6106
833	   54.5580  841.0260
834	  319.2876  376.7390
835	  979.1554  371.2924
836	   75.3426  768.3584
837	  779.0707  541.6467
838	  175.1197  742.8933
839	  493.5727  610.6056
840	  899.9810  859.8424
841	  463.8266  175.9340
842	  957.5759  305.9439
843	  888.7524  387.2588
844	   95.9622  891.5155
845	    5.1719  445.2335
846	   36.0862  197.0891
847	  751.0240  567.8205
848	  669.6441  708.1383
849	  932.8381  610.0082
850	  897.0601  903.9496
851	  628.5770   38.9974
852	  127.0287  292.1377
853	  100.4463  695.9410
854	  839.8648  376.5674
855	  540.5965  332.2139
856	  537.3979  558.3763
857	   96.6786  747.8535
858	  477.3049  316.7438
859	  592.9448  415.3559
860	  459.8995  552.6016
861	  992.1387  706.8406
862	  787.3613  669.9904
863	  739.1596  451.3360
864	   64.4292  505.9285
865	  806.0910  288.8962
866	  497.3287  569.8161
867	  323.1922  919.0456
868	  703.1307   77.6337
869	  257.5572  339.3363
870	  183.0102  167.4834
871	   76.3328  210.0298
872	  511.5071   74.1236
873	  449.9917  721.7116
874	  936.6517  274.9839
875	  958.3633  832.5259
876	   63.9806  720.3264
877	  933.8918  753.3483
878	  766.7477  540.7605
879	  703.8818  982.6073
880	  828.9733  798.8808
881	  200.9293  717.8456
882	  536.5727   99.1499
883	  299.0240  593.6486
884	  707.0270  890.7567
885	  253.8318  835.5737
886	  348.3786  788.2102
887	   43.9473  993.6251
888	  564.6273  793.7082
889	  610.8083  816.1641
890	  830.0581  511.6230
891	   90.5055  995.5374
892	  316.1718   76.4723
893	  677.3077  868.3274
894	  119.1045  475.8221
895	  450.6745  534.2625
896	   62.9785  991.1675
897	   50.5914  298.9343
898	    5.6480  112.3834
899	  961.4818   30.8968
900	  466.1295  484.1862
901	  788.2562  429.9806
902	  415.6287  553.1335
903	  769.3060  129.0434
904	  134.6826  755.6478
905	  481.9562  164.1121
906	  464.8018  644.0893
907	  887.3144  230.9915
908	  484.2872  548.3133
909	  708.4828  194.0381
910	  382.8244  914.8105
911	  756.4015  448.8061
912	   14.5386  567.8099
913	  174.8795  624.4068
914	  707.8158  354.5589
915	  840.5710  480.5541
916	  776.0075  779.4979
917	   22.4908  964.7041
918	  445.3948  628.7812
919	  953.0346  926.2233
920	  347.0994  288.0937
921	  681.3120  508.7637
922	  695.6191  291.9611
923	  273.2739  308.2556
924	  506.3677  423.1464
925	  519.9819   75.3654
926	  384.1386  112.5923
927	  995.8679  292.9556
928	  886.4611  907.1852
929	  525.9443    2.1428
930	  336.1297  247.8169
931	  553.9708  569.2679
932	   34.1870   75.1679
933	  660.1589  356.9844
934	  546.2379   68.7483
935	   15.2054  305.1643
936	  755.6731  761.4208
937	  909.2608  159.9598
938	  654.5089  719.5940
939	  554.3055  549.3739
940	  597.3879  345.3470
941	  825.3947  111.5440
942	  956.9828  692.3473
943	  117.2237  165.6900
944	  877.9668   53.8633
945	   22.9343  352.7598
946	  386.7035  616.1597
947	  561.0875  486.4636
948	  103.1417  768.3937
949	  507.8250  466.1643
950	   36.2304  908.5395
951	  124.0026   94.6845
952	  475.5294  129.2167
953	  607.1211   25.7656
954	  364.0471  847.6739
955	  991.8793  326.4229
956	  351.2288  909.7102
957	  372.1766  651.8904
958	  986.3651  725.0982
959	  767.9410  954.9565
960	   98.0882  895.9440
961	  187.7722  847.4484
962	  941.6610    0.6304
963	  995.9362  264.4189
964	  121.4455  447.9500
965	  418.9694  169.4742
966	  515.6038  263.6509
967	  286.8423  850.4779
968	  313.0770  567.2983
969	  633.2787  779.0665
970	  650.4311   64.7892
971	   64.3268   42.5021
972	  901.0580  854.7766
973	  822.1351  835.8662
974	  301.7042  595.4031
975	  314.4700  259.7874
976	  504.5249  289.9125
977	  961.9786  192.3133
978	  578.1007  675.5575
979	  270.8615  900.4182
980	  949.0847  891.6214
981	  830.6703  506.6701
982	  940.9326  643.6938
983	  142.1488  701.9938
984	  477.1181  790.7526
985	  677.9902  570.6705
986	  414.2894  630.4131
987	   20.2355  158.5382
988	  565.7323  960.2898
989	    8.6303  692.6688
990	  509.8586  794.5895
991	  982.3915  350.1252
992	  701.5878  501.2557
993	  321.3078  194.4424
994	  480.4066  866.3188
995	  763.3148  387.8260
996	  319.1664  745.5986
997	  855.2130   35.4447
998	  712.7944   54.6274
999	  130.8668  582.6546
