0	814
0	624
0	182
0	767
0	617
0	547
0	665
0	147
0	165
0	229
1	1
1	856
1	931
1	939
1	630
1	866
1	378
1	432
1	681
1	46
2	2
2	16
2	406
2	23
2	191
2	19
2	741
2	908
2	839
2	848
3	3
3	627
3	852
3	493
3	337
3	433
3	203
3	287
3	690
3	105
4	4
4	112
4	152
4	315
4	889
4	893
4	473
4	273
4	459
4	151
5	5
5	709
5	551
5	408
5	625
5	712
5	446
5	880
5	488
5	916
6	6
6	225
6	437
6	493
6	337
6	943
6	871
6	91
6	651
6	78
7	7
7	788
7	874
7	754
7	842
7	522
7	744
7	539
7	276
7	380
8	8
8	78
8	473
8	312
8	27
8	318
8	10
8	267
8	66
8	749
9	9
9	477
9	74
9	997
9	654
9	395
9	67
9	348
9	944
9	612
10	10
10	267
10	324
10	329
10	519
10	271
10	468
10	548
10	312
10	69
11	11
11	86
11	730
11	655
11	774
11	975
11	578
11	148
11	12
11	368
12	12
12	975
12	930
12	730
12	22
12	578
12	86
12	705
12	29
12	920
13	13
13	917
13	569
13	887
13	632
13	896
13	806
13	367
13	22
13	313
14	14
14	188
14	485
14	55
14	855
14	247
14	44
14	661
14	367
14	657
15	15
15	680
15	875
15	291
15	338
15	412
15	923
15	702
15	310
15	270
16	16
16	406
16	19
16	191
16	23
16	588
16	724
16	220
16	178
16	80
17	17
17	177
17	387
17	638
17	471
17	148
17	425
17	940
17	8
17	313
18	18
18	76
18	94
18	928
18	84
18	399
18	561
18	170
18	850
18	848
19	19
19	406
19	818
19	476
19	335
19	792
19	848
19	741
19	440
19	245
20	20
20	769
20	921
20	371
20	739
20	985
20	626
20	345
20	279
20	670
21	21
21	230
21	688
21	456
21	223
21	652
21	162
21	533
21	98
21	169
22	22
22	975
22	705
22	730
22	313
22	920
22	930
22	310
22	367
22	578
23	23
23	741
23	487
23	191
23	203
23	11
23	86
23	575
23	740
23	178
24	24
24	145
24	53
24	234
24	740
24	169
24	110
24	688
24	206
24	220
25	25
25	114
25	746
25	877
25	80
25	491
25	446
25	327
25	829
25	653
26	26
26	918
26	209
26	906
26	40
26	986
26	839
26	964
26	815
26	462
27	27
27	907
27	539
27	43
27	759
27	765
27	874
27	726
27	349
27	7
28	28
28	713
28	673
28	817
28	416
28	990
28	832
28	292
28	284
28	888
29	29
29	774
29	483
29	148
29	86
29	11
29	319
29	441
29	221
29	510
30	30
30	144
30	994
30	438
30	324
30	240
30	267
30	478
30	984
30	271
31	31
31	153
31	932
31	454
31	207
31	175
31	898
31	592
31	236
31	589
32	32
32	978
32	587
32	56
32	393
32	460
32	618
32	487
32	741
32	415
33	33
33	464
33	47
33	853
33	480
33	804
33	531
33	876
33	794
33	558
34	34
34	461
34	347
34	758
34	638
34	158
34	253
34	644
34	167
34	530
35	35
35	586
35	58
35	550
35	141
35	882
35	521
35	448
35	992
35	717
36	36
36	612
36	67
36	398
36	997
36	193
36	601
36	583
36	348
36	414
37	37
37	199
37	671
37	450
37	919
37	582
37	170
37	526
37	202
37	561
38	38
38	124
38	870
38	640
38	651
38	376
38	295
38	84
38	555
38	406
39	39
39	610
39	409
39	869
39	533
39	508
39	512
39	466
39	322
39	73
40	40
40	209
40	918
40	906
40	129
40	565
40	986
40	457
40	150
40	577
41	41
41	394
41	429
41	795
41	136
41	576
41	763
41	747
41	438
41	944
42	42
42	459
42	273
42	328
42	350
42	893
42	641
42	565
42	107
42	78
43	43
43	765
43	726
43	759
43	907
43	233
43	349
43	609
43	444
43	96
44	44
44	657
44	425
44	940
44	55
44	90
44	197
44	661
44	188
44	855
45	45
45	996
45	615
45	352
45	411
45	219
45	675
45	392
45	323
45	289
46	46
46	681
46	908
46	866
46	462
46	860
46	630
46	895
46	856
46	558
47	47
47	876
47	853
47	305
47	464
47	804
47	1
47	857
47	309
47	693
48	48
48	867
48	420
48	628
48	956
48	363
48	494
48	180
48	979
48	405
49	49
49	239
49	121
49	295
49	640
49	825
49	356
49	696
49	662
49	529
50	50
50	353
50	805
50	844
50	260
50	436
50	59
50	960
50	568
50	710
51	51
51	809
51	320
51	172
51	469
51	703
51	265
51	404
51	296
51	808
52	52
52	603
52	904
52	737
52	857
52	948
52	467
52	439
52	884
52	796
53	53
53	145
53	234
53	110
53	740
53	255
53	206
53	290
53	169
53	691
54	54
54	588
54	924
54	449
54	485
54	412
54	428
54	247
54	350
54	580
55	55
55	657
55	940
55	425
55	197
55	188
55	485
55	90
55	855
55	325
56	56
56	460
56	978
56	587
56	618
56	546
56	661
56	983
56	393
56	83
57	57
57	518
57	357
57	748
57	787
57	168
57	738
57	133
57	663
57	211
58	58
58	586
58	905
58	448
58	952
58	503
58	205
58	686
58	741
58	838
59	59
59	960
59	844
59	290
59	805
59	353
59	710
59	436
59	260
59	686
60	60
60	881
60	715
60	472
60	621
60	294
60	514
60	838
60	458
60	351
61	61
61	264
61	306
61	536
61	444
61	303
61	700
61	184
61	265
61	608
62	62
62	396
62	97
62	557
62	149
62	171
62	973
62	314
62	138
62	972
63	63
63	511
63	224
63	173
63	333
63	262
63	849
63	364
63	840
63	724
64	64
64	231
64	841
64	65
64	198
64	704
64	905
64	659
64	103
64	782
65	65
65	659
65	704
65	103
65	841
65	761
65	965
65	231
65	198
65	905
66	66
66	284
66	221
66	292
66	267
66	965
66	782
66	990
66	399
66	94
67	67
67	997
67	612
67	348
67	477
67	944
67	74
67	193
67	160
67	470
68	68
68	686
68	833
68	272
68	465
68	404
68	805
68	950
68	436
68	514
69	69
69	519
69	271
69	324
69	329
69	667
69	210
69	270
69	761
69	713
70	70
70	862
70	391
70	476
70	633
70	390
70	564
70	785
70	268
70	95
71	71
71	736
71	684
71	567
71	428
71	793
71	259
71	762
71	838
71	353
72	72
72	689
72	562
72	419
72	298
72	246
72	559
72	135
72	141
72	982
73	73
73	466
73	261
73	516
73	610
73	533
73	162
73	379
73	398
73	568
74	74
74	477
74	654
74	395
74	997
74	548
74	348
74	944
74	880
74	377
75	75
75	934
75	731
75	161
75	831
75	200
75	925
75	745
75	872
75	143
76	76
76	595
76	399
76	372
76	722
76	513
76	600
76	929
76	820
76	10
77	77
77	339
77	104
77	639
77	194
77	489
77	232
77	606
77	718
77	366
78	78
78	473
78	312
78	273
78	422
78	498
78	836
78	556
78	723
78	301
79	79
79	288
79	176
79	967
79	405
79	257
79	157
79	417
79	219
79	384
80	80
80	877
80	746
80	656
80	15
80	137
80	832
80	196
80	737
80	39
81	81
81	443
81	790
81	573
81	952
81	885
81	882
81	602
81	183
81	299
82	82
82	851
82	953
82	722
82	970
82	311
82	215
82	233
82	823
82	140
83	83
83	979
83	146
83	363
83	180
83	494
83	48
83	157
83	888
83	108
84	84
84	561
84	582
84	170
84	450
84	928
84	771
84	850
84	37
84	442
85	85
85	517
85	834
85	410
85	310
85	313
85	367
85	815
85	923
85	678
86	86
86	730
86	578
86	774
86	148
86	975
86	655
86	22
86	930
86	368
87	87
87	427
87	794
87	590
87	208
87	750
87	789
87	605
87	531
87	424
88	88
88	154
88	756
88	122
88	751
88	613
88	217
88	243
88	913
88	479
89	89
89	281
89	217
89	479
89	902
89	756
89	579
89	192
89	983
89	946
90	90
90	425
90	940
90	657
90	675
90	392
90	197
90	661
90	678
90	384
91	91
91	319
91	764
91	337
91	225
91	483
91	870
91	651
91	272
91	94
92	92
92	660
92	781
92	256
92	706
92	658
92	254
92	865
92	693
92	524
93	93
93	181
93	354
93	117
93	999
93	125
93	506
93	407
93	789
93	714
94	94
94	928
94	850
94	399
94	840
94	170
94	972
94	97
94	62
94	557
95	95
95	785
95	862
95	527
95	195
95	716
95	792
95	440
95	644
95	216
96	96
96	609
96	434
96	865
96	658
96	693
96	726
96	233
96	807
96	759
97	97
97	396
97	149
97	973
97	399
97	138
97	513
97	314
97	349
97	585
98	98
98	652
98	456
98	575
98	964
98	530
98	230
98	688
98	894
98	190
99	99
99	361
99	864
99	714
99	407
99	642
99	699
99	169
99	354
99	770
100	100
100	901
100	801
100	802
100	431
100	201
100	563
100	21
100	557
100	740
101	101
101	214
101	278
101	196
101	945
101	223
101	760
101	94
101	206
101	660
102	102
102	500
102	691
102	781
102	706
102	502
102	911
102	110
102	880
102	43
103	103
103	761
103	659
103	965
103	704
103	841
103	198
103	231
103	370
103	905
104	104
104	339
104	194
104	639
104	725
104	232
104	489
104	343
104	227
104	168
105	105
105	665
105	773
105	165
105	547
105	617
105	613
105	228
105	624
105	122
106	106
106	316
106	958
106	682
106	609
106	245
106	616
106	476
106	915
106	488
107	107
107	338
107	698
107	220
107	178
107	930
107	816
107	604
107	705
107	782
108	108
108	268
108	391
108	847
108	390
108	721
108	633
108	750
108	878
108	171
109	109
109	336
109	721
109	837
109	123
109	878
109	635
109	890
109	981
109	797
110	110
110	196
110	214
110	145
110	308
110	691
110	307
110	780
110	945
110	101
111	111
111	772
111	677
111	826
111	174
111	385
111	765
111	837
111	249
111	531
112	112
112	152
112	889
112	812
112	315
112	70
112	502
112	84
112	367
112	157
113	113
113	163
113	674
113	637
113	375
113	388
113	346
113	808
113	854
113	493
114	114
114	746
114	491
114	327
114	877
114	446
114	395
114	656
114	993
114	509
115	115
115	776
115	383
115	622
115	803
115	871
115	627
115	897
115	625
115	494
116	116
116	525
116	565
116	415
116	129
116	906
116	839
116	393
116	507
116	964
117	117
117	506
117	999
117	663
117	181
117	354
117	481
117	748
117	493
117	594
118	118
118	539
118	254
118	467
118	407
118	269
118	464
118	223
118	497
118	12
119	119
119	126
119	305
119	646
119	285
119	989
119	804
119	876
119	663
119	550
120	120
120	423
120	891
120	645
120	570
120	189
120	788
120	187
120	612
120	631
121	121
121	239
121	356
121	825
121	295
121	640
121	696
121	529
121	662
121	606
122	122
122	613
122	773
122	154
122	665
122	756
122	192
122	819
122	228
122	676
123	123
123	336
123	635
123	308
123	890
123	981
123	721
123	160
123	797
123	498
124	124
124	870
124	640
124	295
124	651
124	837
124	376
124	364
124	580
124	859
125	125
125	515
125	644
125	344
125	695
125	407
125	554
125	714
125	354
125	699
126	126
126	285
126	305
126	334
126	646
126	181
126	833
126	10
126	566
126	709
127	127
127	634
127	490
127	412
127	858
127	247
127	343
127	449
127	702
127	305
128	128
128	683
128	827
128	596
128	685
128	728
128	325
128	859
128	381
128	867
129	129
129	565
129	906
129	525
129	457
129	209
129	918
129	599
129	463
129	912
130	130
130	455
130	743
130	297
130	573
130	468
130	282
130	274
130	131
130	654
131	131
131	937
131	251
131	274
131	331
131	475
131	301
131	184
131	636
131	823
132	132
132	597
132	583
132	218
132	401
132	373
132	455
132	542
132	297
132	130
133	133
133	481
133	355
133	787
133	748
133	663
133	506
133	523
133	357
133	518
134	134
134	400
134	885
134	961
134	799
134	259
134	140
134	913
134	999
134	649
135	135
135	419
135	342
135	689
135	492
135	559
135	366
135	205
135	372
135	538
136	136
136	576
136	795
136	984
136	394
136	429
136	468
136	114
136	80
136	966
137	137
137	571
137	701
137	618
137	510
137	546
137	441
137	496
137	543
137	969
138	138
138	314
138	488
138	880
138	973
138	149
138	396
138	408
138	317
138	723
139	139
139	317
139	916
139	936
139	296
139	488
139	723
139	460
139	703
139	56
140	140
140	885
140	621
140	513
140	71
140	736
140	139
140	138
140	766
140	938
141	141
141	237
141	552
141	562
141	521
141	340
141	586
141	297
141	587
141	850
142	142
142	385
142	926
142	538
142	370
142	509
142	421
142	677
142	826
142	779
143	143
143	872
143	925
143	731
143	326
143	448
143	882
143	934
143	161
143	550
144	144
144	994
144	324
144	240
144	271
144	438
144	267
144	666
144	656
144	844
145	145
145	234
145	740
145	169
145	206
145	688
145	964
145	530
145	510
145	873
146	146
146	979
146	180
146	363
146	799
146	157
146	248
146	551
146	512
146	893
147	147
147	579
147	192
147	968
147	560
147	589
147	530
147	798
147	286
147	132
148	148
148	774
148	578
148	664
148	730
148	483
148	12
148	975
148	993
148	36
149	149
149	973
149	396
149	314
149	513
149	399
149	488
149	880
149	723
149	546
150	150
150	321
150	717
150	453
150	39
150	533
150	197
150	541
150	68
150	50
151	151
151	653
151	985
151	191
151	203
151	371
151	488
151	484
151	513
151	344
152	152
152	889
152	812
152	315
152	655
152	884
152	229
152	818
152	869
152	389
153	153
153	454
153	932
153	236
153	207
153	971
153	166
153	499
153	211
153	439
154	154
154	243
154	678
154	756
154	900
154	895
154	689
154	882
154	629
154	666
155	155
155	957
155	185
155	757
155	413
155	359
155	946
155	289
155	986
155	620
156	156
156	734
156	242
156	710
156	808
156	325
156	485
156	221
156	789
156	880
157	157
157	967
157	799
157	405
157	176
157	180
157	979
157	885
157	48
157	363
158	158
158	347
158	566
158	544
158	471
158	540
158	461
158	638
158	177
158	811
159	159
159	474
159	791
159	222
159	863
159	728
159	992
159	279
159	345
159	758
160	160
160	364
160	308
160	498
160	173
160	635
160	828
160	63
160	336
160	224
161	161
161	934
161	731
161	600
161	882
161	550
161	925
161	872
161	722
161	521
162	162
162	223
162	533
162	516
162	466
162	230
162	377
162	456
162	358
162	448
163	163
163	674
163	375
163	637
163	798
163	346
163	951
163	388
163	575
163	574
164	164
164	854
164	254
164	843
164	760
164	283
164	256
164	626
164	167
164	911
165	165
165	547
165	665
165	617
165	773
165	229
165	624
165	228
165	613
165	182
166	166
166	971
166	346
166	499
166	236
166	932
166	454
166	767
166	674
166	261
167	167
167	992
167	626
167	574
167	921
167	607
167	279
167	345
167	474
167	187
168	168
168	190
168	748
168	518
168	663
168	894
168	98
168	371
168	575
168	20
169	169
169	740
169	964
169	530
169	234
169	206
169	688
169	652
169	770
169	98
170	170
170	928
170	450
170	850
170	561
170	582
170	456
170	24
170	230
170	894
171	171
171	557
171	724
171	270
171	972
171	702
171	840
171	21
171	37
171	94
172	172
172	320
172	809
172	255
172	893
172	296
172	350
172	884
172	703
172	469
173	173
173	224
173	511
173	333
173	364
173	828
173	53
173	396
173	680
173	498
174	174
174	677
174	18
174	671
174	772
174	308
174	97
174	258
174	211
174	291
175	175
175	592
175	898
175	207
175	932
175	720
175	987
175	426
175	769
175	159
176	176
176	405
176	967
176	288
176	257
176	799
176	420
176	180
176	357
176	954
177	177
177	471
177	638
177	387
177	347
177	190
177	771
177	222
177	262
177	503
178	178
178	220
178	698
178	589
178	705
178	816
178	930
178	920
178	338
178	22
179	179
179	622
179	383
179	12
179	975
179	288
179	564
179	886
179	930
179	952
180	180
180	979
180	363
180	799
180	405
180	967
180	867
180	420
180	885
180	8
181	181
181	999
181	506
181	789
181	354
181	663
181	750
181	481
181	531
181	125
182	182
182	767
182	814
182	624
182	617
182	229
182	547
182	665
182	571
182	404
183	183
183	465
183	334
183	833
183	537
183	404
183	68
183	275
183	439
183	182
184	184
184	823
184	373
184	301
184	444
184	331
184	475
184	937
184	536
184	306
185	185
185	413
185	957
185	757
185	359
185	235
185	986
185	946
185	105
185	193
186	186
186	414
186	341
186	941
186	903
186	583
186	534
186	398
186	379
186	783
187	187
187	607
187	847
187	878
187	307
187	371
187	837
187	536
187	608
187	258
188	188
188	855
188	485
188	247
188	661
188	412
188	721
188	601
188	634
188	588
189	189
189	570
189	423
189	574
189	167
189	657
189	218
189	108
189	612
189	841
190	190
190	894
190	770
190	530
190	652
190	964
190	575
190	206
190	169
190	456
191	191
191	203
191	653
191	985
191	774
191	116
191	40
191	368
191	507
191	129
192	192
192	579
192	281
192	968
192	217
192	756
192	613
192	479
192	26
192	282
193	193
193	282
193	348
193	944
193	601
193	468
193	398
193	997
193	783
193	941
194	194
194	232
194	489
194	725
194	339
194	620
194	455
194	130
194	742
194	551
195	195
195	527
195	716
195	440
195	792
195	245
195	335
195	668
195	936
195	785
196	196
196	691
196	278
196	214
196	845
196	53
196	945
196	709
196	235
196	234
197	197
197	940
197	425
197	657
197	325
197	685
197	392
197	596
197	683
197	859
198	198
198	782
198	704
198	231
198	965
198	602
198	841
198	470
198	659
198	761
199	199
199	671
199	919
199	202
199	742
199	450
199	675
199	526
199	381
199	933
200	200
200	831
200	745
200	929
200	718
200	128
200	827
200	731
200	934
200	816
201	201
201	915
201	760
201	901
201	246
201	511
201	826
201	806
201	799
201	612
202	202
202	526
202	555
202	234
202	733
202	175
202	153
202	738
202	261
202	316
203	203
203	653
203	985
203	670
203	487
203	690
203	969
203	560
203	613
203	843
204	204
204	277
204	909
204	535
204	694
204	418
204	430
204	985
204	251
204	980
205	205
205	366
205	787
205	357
205	518
205	649
205	57
205	133
205	523
205	862
206	206
206	530
206	964
206	740
206	770
206	234
206	894
206	652
206	688
206	98
207	207
207	932
207	592
207	898
207	275
207	426
207	190
207	454
207	971
207	456
208	208
208	384
208	424
208	590
208	751
208	605
208	427
208	983
208	913
208	794
209	209
209	918
209	906
209	986
209	565
209	715
209	472
209	750
209	346
209	502
210	210
210	667
210	304
210	329
210	821
210	519
210	647
210	988
210	599
210	266
211	211
211	503
211	884
211	350
211	641
211	796
211	893
211	328
211	556
211	51
212	212
212	463
212	604
212	822
212	549
212	386
212	697
212	993
212	753
212	320
213	213
213	959
213	595
213	250
213	372
213	727
213	824
213	501
213	338
213	255
214	214
214	945
214	278
214	780
214	691
214	172
214	42
214	469
214	421
214	588
215	215
215	970
215	672
215	451
215	623
215	851
215	868
215	311
215	998
215	397
216	216
216	706
216	524
216	813
216	593
216	92
216	865
216	409
216	258
216	716
217	217
217	479
217	281
217	756
217	902
217	579
217	193
217	9
217	349
217	373
218	218
218	583
218	248
218	643
218	998
218	868
218	414
218	534
218	397
218	903
219	219
219	886
219	996
219	615
219	417
219	186
219	288
219	631
219	610
219	958
220	220
220	698
220	589
220	705
220	816
220	930
220	338
220	920
220	22
220	12
221	221
221	292
221	888
221	832
221	284
221	817
221	416
221	713
221	441
221	812
222	222
222	863
222	911
222	791
222	474
222	574
222	486
222	889
222	28
222	992
223	223
223	230
223	456
223	575
223	533
223	688
223	652
223	516
223	358
223	98
224	224
224	333
224	511
224	262
224	377
224	364
224	990
224	673
224	466
224	510
225	225
225	437
225	337
225	493
225	943
225	651
225	73
225	975
225	258
225	491
226	226
226	484
226	954
226	330
226	747
226	257
226	417
226	763
226	504
226	288
227	227
227	343
227	639
227	490
227	858
227	327
227	376
227	828
227	167
227	339
228	228
228	773
228	620
228	665
228	613
228	547
228	489
228	152
228	617
228	849
229	229
229	767
229	547
229	617
229	624
229	665
229	814
229	105
229	870
229	355
230	230
230	456
230	688
230	652
230	575
230	169
230	964
230	740
230	530
230	533
231	231
231	841
231	704
231	782
231	470
231	602
231	659
231	905
231	965
231	761
232	232
232	489
232	725
232	339
232	620
232	234
232	371
232	788
232	969
232	368
233	233
233	765
233	726
233	444
233	434
233	759
233	609
233	807
233	61
233	349
234	234
234	740
234	964
234	530
234	688
234	770
234	652
234	907
234	894
234	264
235	235
235	411
235	413
235	230
235	155
235	456
235	110
235	693
235	21
235	941
236	236
236	499
236	454
236	971
236	932
236	346
236	655
236	817
236	304
236	106
237	237
237	552
237	340
237	521
237	562
237	80
237	789
237	895
237	494
237	971
238	238
238	249
238	780
238	897
238	768
238	520
238	803
238	935
238	945
238	712
239	239
239	825
239	356
239	295
239	640
239	696
239	662
239	529
239	606
239	388
240	240
240	504
240	438
240	763
240	442
240	910
240	692
240	994
240	330
240	580
241	241
241	733
241	848
241	938
241	818
241	543
241	496
241	668
241	335
241	406
242	242
242	734
242	245
242	684
242	733
242	764
242	146
242	176
242	48
242	342
243	243
243	678
243	900
243	895
243	286
243	860
243	756
243	764
243	253
243	425
244	244
244	402
244	977
244	636
244	542
244	365
244	679
244	293
244	251
244	274
245	245
245	440
245	792
245	716
245	335
245	527
245	668
245	733
245	818
245	475
246	246
246	298
246	559
246	689
246	711
246	562
246	419
246	430
246	786
246	937
247	247
247	412
247	485
247	634
247	588
247	855
247	449
247	490
247	95
247	19
248	248
248	643
248	998
248	868
248	397
248	623
248	672
248	936
248	858
248	132
249	249
249	780
249	897
249	768
249	520
249	803
249	945
249	935
249	453
249	110
250	250
250	959
250	727
250	595
250	824
250	556
250	501
250	641
250	879
250	717
251	251
251	274
251	636
251	937
251	475
251	542
251	402
251	297
251	977
251	455
252	252
252	980
252	291
252	875
252	680
252	702
252	742
252	270
252	840
252	972
253	253
253	541
253	758
253	461
253	800
253	553
253	598
253	283
253	724
253	743
254	254
254	854
254	256
254	781
254	660
254	760
254	843
254	451
254	135
254	241
255	255
255	893
255	320
255	350
255	809
255	884
255	315
255	51
255	211
255	503
256	256
256	854
256	524
256	781
256	660
256	777
256	706
256	593
256	760
256	130
257	257
257	954
257	288
257	484
257	417
257	330
257	747
257	405
257	420
257	886
258	258
258	307
258	486
258	878
258	574
258	837
258	721
258	607
258	502
258	167
259	259
259	793
259	567
259	961
259	560
259	762
259	299
259	736
259	400
259	428
260	260
260	568
260	353
260	265
260	436
260	808
260	805
260	710
260	404
260	844
261	261
261	466
261	610
261	516
261	59
261	410
261	960
261	299
261	611
261	869
262	262
262	849
262	982
262	511
262	302
262	333
262	708
262	684
262	533
262	222
263	263
263	687
263	966
263	492
263	976
263	584
263	342
263	470
263	162
263	173
264	264
264	306
264	303
264	700
264	536
264	444
264	608
264	379
264	594
264	233
265	265
265	808
265	710
265	50
265	568
265	299
265	560
265	353
265	762
265	844
266	266
266	988
266	647
266	821
266	422
266	59
266	960
266	436
266	805
266	304
267	267
267	994
267	324
267	329
267	793
267	961
267	210
267	807
267	762
267	271
268	268
268	391
268	390
268	633
268	847
268	721
268	39
268	763
268	109
268	919
269	269
269	738
269	358
269	377
269	518
269	357
269	57
269	767
269	560
269	992
270	270
270	724
270	702
270	972
270	840
270	557
270	680
270	291
270	62
270	875
271	271
271	324
271	519
271	442
271	252
271	329
271	583
271	828
271	201
271	944
272	272
272	950
272	514
272	686
272	294
272	632
272	290
272	805
272	844
272	960
273	273
273	459
273	473
273	312
273	422
273	59
273	853
273	743
273	558
273	883
274	274
274	636
274	937
274	475
274	542
274	402
274	297
274	743
274	455
274	977
275	275
275	426
275	591
275	752
275	735
275	932
275	175
275	592
275	365
275	987
276	276
276	744
276	522
276	842
276	380
276	955
276	754
276	991
276	788
276	505
277	277
277	909
277	694
277	418
277	535
277	927
277	7
277	318
277	835
277	545
278	278
278	691
278	845
278	360
278	945
278	874
278	430
278	749
278	495
278	480
279	279
279	345
279	921
279	626
279	769
279	992
279	478
279	474
279	728
279	188
280	280
280	732
280	435
280	669
280	599
280	629
280	127
280	332
280	476
280	846
281	281
281	479
281	756
281	902
281	579
281	88
281	427
281	2
281	701
281	338
282	282
282	601
282	783
282	348
282	398
282	944
282	331
282	941
282	468
282	455
283	283
283	843
283	598
283	800
283	553
283	541
283	130
283	854
283	341
283	760
284	284
284	292
284	832
284	713
284	888
284	817
284	990
284	416
284	673
284	131
285	285
285	305
285	876
285	836
285	537
285	301
285	857
285	458
285	688
285	847
286	286
286	900
286	949
286	678
286	46
286	681
286	307
286	273
286	8
286	990
287	287
287	433
287	532
287	332
287	508
287	577
287	322
287	409
287	575
287	285
288	288
288	417
288	405
288	954
288	484
288	747
288	967
288	886
288	330
288	157
289	289
289	323
289	352
289	707
289	650
289	957
289	47
289	989
289	344
289	847
290	290
290	960
290	294
290	844
290	458
290	514
290	686
290	805
290	50
290	353
291	291
291	680
291	875
291	702
291	724
291	710
291	972
291	632
291	950
291	840
292	292
292	888
292	832
292	817
292	416
292	713
292	441
292	673
292	990
292	510
293	293
293	786
293	977
293	679
293	402
293	963
293	812
293	365
293	749
293	980
294	294
294	514
294	632
294	458
294	686
294	950
294	645
294	960
294	59
294	844
295	295
295	640
295	580
295	696
295	662
295	775
295	825
295	830
295	356
295	645
296	296
296	809
296	703
296	766
296	320
296	317
296	469
296	723
296	916
296	171
297	297
297	743
297	455
297	573
297	443
297	131
297	81
297	889
297	529
297	436
298	298
298	562
298	430
298	689
298	559
298	711
298	419
298	535
298	606
298	701
299	299
299	762
299	793
299	560
299	808
299	567
299	467
299	260
299	611
299	961
300	300
300	528
300	778
300	892
300	676
300	819
300	779
300	568
300	428
300	606
301	301
301	331
301	536
301	783
301	823
301	373
301	306
301	941
301	341
301	444
302	302
302	982
302	942
302	327
302	849
302	529
302	61
302	71
302	601
302	937
303	303
303	594
303	700
303	807
303	585
303	360
303	495
303	306
303	608
303	511
304	304
304	667
304	821
304	329
304	647
304	519
304	988
304	599
304	434
304	282
305	305
305	876
305	804
305	646
305	989
305	480
305	33
305	379
305	69
305	636
306	306
306	536
306	379
306	608
306	444
306	700
306	341
306	823
306	397
306	407
307	307
307	878
307	486
307	837
307	721
307	574
307	607
307	847
307	109
307	502
308	308
308	635
308	336
308	364
308	498
308	828
308	109
308	173
308	390
308	633
309	309
309	621
309	615
309	996
309	45
309	167
309	365
309	750
309	785
309	719
310	310
310	313
310	367
310	920
310	815
310	705
310	975
310	517
310	730
310	12
311	311
311	722
311	970
311	600
311	521
311	851
311	589
311	368
311	923
311	340
312	312
312	473
312	422
312	988
312	647
312	930
312	953
312	329
312	655
312	904
313	313
313	367
313	920
313	815
313	705
313	730
313	975
313	368
313	12
313	923
314	314
314	880
314	488
314	396
314	973
314	408
314	712
314	517
314	655
314	11
315	315
315	893
315	389
315	889
315	482
315	719
315	930
315	317
315	812
315	853
316	316
316	958
316	682
316	656
316	861
316	80
316	951
316	3
316	309
316	140
317	317
317	916
317	723
317	488
317	703
317	936
317	880
317	973
317	314
317	611
318	318
318	545
318	749
318	927
318	963
318	380
318	842
318	522
318	754
318	955
319	319
319	764
319	483
319	276
319	744
319	874
319	7
319	788
319	337
319	332
320	320
320	809
320	350
320	884
320	703
320	893
320	469
320	211
320	503
320	796
321	321
321	453
321	717
321	852
321	870
321	164
321	118
321	278
321	110
321	252
322	322
322	508
322	577
322	332
322	532
322	409
322	433
322	512
322	655
322	368
323	323
323	352
323	707
323	650
323	615
323	996
323	923
323	820
323	351
323	869
324	324
324	519
324	994
324	329
324	442
324	15
324	515
324	777
324	259
324	140
325	325
325	596
325	859
325	683
325	685
325	827
325	940
325	657
325	425
325	44
326	326
326	448
326	872
326	952
326	925
326	882
326	772
326	826
326	731
326	877
327	327
327	491
327	333
327	942
327	982
327	746
327	511
327	224
327	974
327	571
328	328
328	641
328	879
328	459
328	503
328	824
328	727
328	814
328	902
328	982
329	329
329	519
329	647
329	988
329	667
329	821
329	422
329	266
329	861
329	531
330	330
330	954
330	484
330	763
330	504
330	747
330	417
330	438
330	234
330	98
331	331
331	783
331	536
331	601
331	941
331	823
331	937
331	341
331	373
331	151
332	332
332	532
332	577
332	433
332	508
332	409
332	29
332	20
332	564
332	151
333	333
333	511
333	491
333	982
333	23
333	389
333	574
333	886
333	36
333	9
334	334
334	465
334	309
334	219
334	957
334	347
334	812
334	840
334	919
334	819
335	335
335	440
335	792
335	716
335	733
335	818
335	668
335	527
335	848
335	669
336	336
336	635
336	890
336	721
336	837
336	981
336	797
336	498
336	364
336	24
337	337
337	493
337	437
337	627
337	764
337	21
337	145
337	227
337	77
337	799
338	338
338	930
338	698
338	993
338	604
338	12
338	578
338	816
338	705
338	463
339	339
339	639
339	489
339	725
339	212
339	975
339	343
339	22
339	814
339	936
340	340
340	552
340	451
340	521
340	212
340	107
340	793
340	171
340	15
340	396
341	341
341	941
341	783
341	414
341	398
341	601
341	536
341	379
341	903
341	583
342	342
342	419
342	492
342	966
342	559
342	689
342	282
342	306
342	534
342	608
343	343
343	490
343	858
343	634
343	639
343	725
343	72
343	264
343	184
343	417
344	344
344	515
344	695
344	912
344	699
344	554
344	714
344	407
344	644
344	361
345	345
345	921
345	769
345	626
345	478
345	992
345	474
345	728
345	354
345	93
346	346
346	971
346	674
346	375
346	932
346	499
346	207
346	798
346	99
346	597
347	347
347	566
347	461
347	544
347	471
347	758
347	638
347	540
347	811
347	253
348	348
348	944
348	468
348	997
348	395
348	654
348	601
348	477
348	612
348	398
349	349
349	759
349	693
349	726
349	609
349	658
349	660
349	781
349	96
349	539
350	350
350	884
350	893
350	503
350	865
350	51
350	765
350	459
350	27
350	809
351	351
351	820
351	641
351	650
351	707
351	233
351	715
351	118
351	624
351	352
352	352
352	707
352	615
352	996
352	650
352	309
352	994
352	468
352	717
352	429
353	353
353	805
353	436
353	844
353	568
353	960
353	404
353	710
353	808
353	686
354	354
354	407
354	714
354	361
354	999
354	506
354	833
354	68
354	699
354	663
355	355
355	481
355	913
355	506
355	523
355	663
355	999
355	590
355	787
355	748
356	356
356	825
356	819
356	529
356	676
356	606
356	662
356	696
356	581
356	789
357	357
357	518
357	787
357	366
357	748
357	738
357	344
357	168
357	649
357	181
358	358
358	377
358	738
358	516
358	575
358	514
358	640
358	805
358	226
358	41
359	359
359	757
359	957
359	946
359	413
359	986
359	992
359	808
359	485
359	972
360	360
360	495
360	418
360	700
360	608
360	694
360	909
360	594
360	379
360	534
361	361
361	714
361	699
361	407
361	864
361	642
361	563
361	903
361	277
361	912
362	362
362	572
362	729
362	947
362	630
362	939
362	378
362	856
362	931
362	849
363	363
363	979
363	494
363	867
363	420
363	628
363	940
363	192
363	88
363	456
364	364
364	498
364	635
364	828
364	511
364	123
364	809
364	457
364	886
364	980
365	365
365	977
365	402
365	636
365	443
365	786
365	274
365	251
365	655
365	783
366	366
366	787
366	649
366	518
366	57
366	523
366	133
366	802
366	545
366	643
367	367
367	730
367	368
367	923
367	655
367	975
367	920
367	12
367	11
367	705
368	368
368	923
368	655
368	512
368	869
368	730
368	815
368	517
368	310
368	85
369	369
369	846
369	987
369	871
369	591
369	426
369	720
369	383
369	622
369	930
370	370
370	926
370	421
370	509
370	538
370	761
370	822
370	385
370	965
370	659
371	371
371	985
371	653
371	607
371	921
371	626
371	167
371	769
371	463
371	992
372	372
372	595
372	959
372	18
372	771
372	203
372	22
372	975
372	946
372	406
373	373
373	823
373	444
373	475
373	907
373	937
373	131
373	542
373	765
373	61
374	374
374	753
374	830
374	697
374	386
374	775
374	549
374	580
374	662
374	696
375	375
375	798
375	951
375	735
375	674
375	637
375	388
375	664
375	892
375	898
376	376
376	651
376	870
376	943
376	225
376	420
376	959
376	936
376	725
376	326
377	377
377	516
377	738
377	767
377	73
377	466
377	223
377	575
377	58
377	68
378	378
378	939
378	432
378	931
378	630
378	856
378	829
378	572
378	670
378	690
379	379
379	608
379	903
379	534
379	495
379	536
379	700
379	414
379	61
379	739
380	380
380	522
380	927
380	842
380	955
380	744
380	545
380	754
380	749
380	788
381	381
381	933
381	685
381	827
381	991
381	963
381	7
381	683
381	914
381	392
382	382
382	581
382	825
382	388
382	874
382	128
382	197
382	729
382	303
382	941
383	383
383	622
383	776
383	846
383	871
383	803
383	59
383	525
383	311
383	237
384	384
384	715
384	424
384	590
384	472
384	751
384	881
384	913
384	605
384	983
385	385
385	677
385	538
385	926
385	509
385	826
385	421
385	779
385	60
385	87
386	386
386	697
386	549
386	753
386	993
386	463
386	822
386	604
386	664
386	830
387	387
387	708
387	403
387	772
387	427
387	422
387	775
387	303
387	233
387	503
388	388
388	637
388	825
388	951
388	674
388	798
388	640
388	815
388	941
388	833
389	389
389	719
389	482
389	969
389	543
389	496
389	812
389	889
389	701
389	112
390	390
390	633
390	564
390	828
390	391
390	862
390	152
390	429
390	217
390	154
391	391
391	633
391	476
391	564
391	862
391	847
391	828
391	865
391	452
391	843
392	392
392	675
392	940
392	425
392	657
392	44
392	933
392	784
392	685
392	939
393	393
393	415
393	978
393	587
393	525
393	507
393	666
393	460
393	487
393	459
394	394
394	795
394	576
394	429
394	747
394	763
394	984
394	413
394	481
394	479
395	395
395	654
395	548
395	631
395	477
395	468
395	944
395	997
395	962
395	67
396	396
396	973
396	880
396	557
396	488
396	171
396	399
396	513
396	408
396	94
397	397
397	998
397	643
397	672
397	868
397	623
397	401
397	597
397	132
397	972
398	398
398	601
398	941
398	783
398	414
398	583
398	67
398	612
398	997
398	944
399	399
399	513
399	973
399	62
399	723
399	440
399	2
399	585
399	635
399	658
400	400
400	961
400	799
400	885
400	734
400	560
400	723
400	557
400	342
400	246
401	401
401	597
401	998
401	725
401	960
401	676
401	878
401	575
401	791
401	786
402	402
402	977
402	636
402	542
402	679
402	475
402	937
402	786
402	540
402	516
403	403
403	708
403	849
403	982
403	778
403	388
403	49
403	864
403	652
403	4
404	404
404	436
404	833
404	568
404	805
404	50
404	465
404	537
404	611
404	844
405	405
405	967
405	420
405	799
405	686
405	979
405	59
405	954
405	960
405	589
406	406
406	848
406	818
406	938
406	741
406	733
406	23
406	335
406	294
406	13
407	407
407	714
407	699
407	515
407	864
407	642
407	117
407	912
407	181
407	858
408	408
408	712
408	880
408	551
408	446
408	488
408	709
408	625
408	776
408	507
409	409
409	508
409	577
409	532
409	433
409	610
409	512
409	869
409	150
409	976
410	410
410	834
410	869
410	517
410	512
410	610
410	133
410	117
410	289
410	185
411	411
411	996
411	615
411	886
411	331
411	306
411	415
411	885
411	429
411	695
412	412
412	634
412	449
412	588
412	485
412	490
412	14
412	858
412	855
412	772
413	413
413	957
413	757
413	986
413	946
413	209
413	797
413	247
413	55
413	550
414	414
414	941
414	583
414	903
414	534
414	783
414	601
414	536
414	608
414	346
415	415
415	525
415	507
415	666
415	978
415	565
415	460
415	56
415	153
415	355
416	416
416	817
416	832
416	673
416	888
416	441
416	510
416	713
416	546
416	990
417	417
417	747
417	886
417	484
417	954
417	701
417	176
417	117
417	505
417	907
418	418
418	909
418	694
418	495
418	700
418	971
418	532
418	400
418	146
418	672
419	419
419	689
419	559
419	492
419	562
419	711
419	917
419	687
419	717
419	561
420	420
420	956
420	867
420	628
420	494
420	910
420	692
420	157
420	954
420	993
421	421
421	926
421	822
421	538
421	509
421	463
421	212
421	779
421	921
421	517
422	422
422	988
422	647
422	473
422	821
422	10
422	852
422	577
422	601
422	567
423	423
423	570
423	645
423	891
423	458
423	349
423	92
423	682
423	927
423	910
424	424
424	751
424	983
424	605
424	472
424	427
424	439
424	715
424	853
424	794
425	425
425	940
425	657
425	675
425	661
425	14
425	603
425	590
425	855
425	881
426	426
426	591
426	987
426	752
426	720
426	592
426	898
426	838
426	188
426	846
427	427
427	794
427	605
427	750
427	751
427	531
427	983
427	853
427	590
427	789
428	428
428	737
428	736
428	684
428	567
428	467
428	904
428	838
428	793
428	439
429	429
429	438
429	763
429	795
429	576
429	504
429	464
429	52
429	762
429	299
430	430
430	535
430	562
430	603
430	259
430	277
430	948
430	33
430	384
430	984
431	431
431	801
431	802
431	901
431	777
431	911
431	995
431	593
431	863
431	760
432	432
432	931
432	690
432	939
432	856
432	670
432	630
432	829
432	739
432	330
433	433
433	532
433	577
433	508
433	240
433	852
433	747
433	30
433	998
433	784
434	434
434	585
434	807
434	865
434	609
434	658
434	706
434	693
434	726
434	594
435	435
435	732
435	669
435	629
435	442
435	303
435	916
435	403
435	262
435	905
436	436
436	805
436	568
436	833
436	844
436	960
436	686
436	265
436	611
436	465
437	437
437	493
437	871
437	943
437	776
437	710
437	290
437	808
437	412
437	343
438	438
438	504
438	763
438	994
438	685
438	646
438	607
438	600
438	8
438	4
439	439
439	838
439	472
439	904
439	603
439	983
439	737
439	684
439	881
439	751
440	440
440	792
440	716
440	527
440	668
440	733
440	818
440	424
440	736
440	715
441	441
441	510
441	546
441	817
441	888
441	701
441	832
441	673
441	28
441	571
442	442
442	669
442	460
442	812
442	69
442	605
442	19
442	936
442	785
442	71
443	443
443	573
443	713
443	692
443	60
443	910
443	618
443	144
443	732
443	241
444	444
444	823
444	765
444	907
444	536
444	476
444	820
444	881
444	620
444	792
445	445
445	922
445	784
445	755
445	810
445	813
445	671
445	582
445	994
445	371
446	446
446	712
446	551
446	625
446	746
446	880
446	709
446	191
446	840
446	770
447	447
447	648
447	513
447	997
447	377
447	229
447	724
447	301
447	264
447	197
448	448
448	882
448	925
448	872
448	550
448	952
448	731
448	586
448	161
448	934
449	449
449	588
449	924
449	725
449	485
449	634
449	490
449	14
449	508
449	321
450	450
450	582
450	561
450	850
450	928
450	671
450	771
450	919
450	555
450	249
451	451
451	623
451	868
451	970
451	643
451	672
451	998
451	248
451	684
451	801
452	452
452	914
452	995
452	791
452	593
452	159
452	261
452	229
452	867
452	937
453	453
453	717
453	852
453	314
453	5
453	388
453	121
453	433
453	319
453	949
454	454
454	932
454	499
454	971
454	895
454	486
454	582
454	377
454	261
454	89
455	455
455	743
455	573
455	468
455	131
455	193
455	944
455	88
455	504
455	230
456	456
456	652
456	688
456	575
456	169
456	964
456	530
456	740
456	894
456	206
457	457
457	873
457	565
457	190
457	770
457	234
457	358
457	235
457	906
457	533
458	458
458	645
458	960
458	59
458	844
458	632
458	891
458	514
458	710
458	120
459	459
459	893
459	884
459	641
459	211
459	206
459	550
459	207
459	166
459	557
460	460
460	546
460	618
460	978
460	587
460	510
460	666
460	507
460	137
460	441
461	461
461	758
461	541
461	800
461	553
461	566
461	540
461	393
461	415
461	638
462	462
462	860
462	558
462	908
462	866
462	681
462	895
462	839
462	902
462	678
463	463
463	604
463	822
463	549
463	993
463	697
463	107
463	965
463	370
463	544
464	464
464	531
464	794
464	750
464	853
464	644
464	427
464	87
464	480
464	789
465	465
465	833
465	537
465	673
465	571
465	598
465	422
465	8
465	373
465	43
466	466
466	516
466	610
466	533
466	223
466	491
466	451
466	311
466	751
466	413
467	467
467	737
467	611
467	904
467	948
467	762
467	603
467	567
467	793
467	857
468	468
468	944
468	631
468	654
468	997
468	9
468	743
468	71
468	74
468	548
469	469
469	703
469	796
469	809
469	723
469	556
469	884
469	503
469	573
469	211
470	470
470	602
470	584
470	782
470	64
470	816
470	513
470	836
470	704
470	736
471	471
471	544
471	566
471	638
471	811
471	684
471	67
471	687
471	477
471	40
472	472
472	881
472	838
472	715
472	983
472	751
472	605
472	208
472	603
472	684
473	473
473	904
473	898
473	513
473	723
473	503
473	578
473	564
473	399
473	138
474	474
474	791
474	863
474	992
474	728
474	574
474	626
474	921
474	911
474	928
475	475
475	542
475	937
475	636
475	823
475	679
475	244
475	977
475	907
475	961
476	476
476	862
476	785
476	95
476	792
476	716
476	268
476	440
476	759
476	437
477	477
477	654
477	997
477	612
477	548
477	944
477	468
477	115
477	923
477	352
478	478
478	769
478	829
478	739
478	20
478	921
478	351
478	611
478	537
478	472
479	479
479	902
479	756
479	558
479	895
479	860
479	579
479	154
479	678
479	52
480	480
480	804
480	989
480	646
480	47
480	644
480	395
480	193
480	72
480	35
481	481
481	506
481	663
481	999
481	748
481	913
481	787
481	789
481	523
481	57
482	482
482	719
482	969
482	766
482	543
482	496
482	590
482	839
482	535
482	361
483	483
483	764
483	774
483	125
483	589
483	550
483	747
483	313
483	86
483	374
484	484
484	747
484	954
484	763
484	504
484	886
484	41
484	212
484	539
484	578
485	485
485	588
485	855
485	924
485	634
485	44
485	127
485	166
485	31
485	611
486	486
486	502
486	574
486	878
486	837
486	911
486	721
486	863
486	109
486	282
487	487
487	690
487	587
487	741
487	978
487	36
487	450
487	18
487	482
487	241
488	488
488	880
488	973
488	916
488	712
488	97
488	62
488	723
488	933
488	903
489	489
489	620
489	725
489	467
489	439
489	546
489	514
489	381
489	325
489	796
490	490
490	858
490	634
490	976
490	497
490	514
490	806
490	935
490	436
490	272
491	491
491	746
491	224
491	511
491	942
491	302
491	743
491	392
491	55
491	42
492	492
492	966
492	687
492	976
492	4
492	191
492	19
492	666
492	884
492	209
493	493
493	627
493	776
493	871
493	91
493	115
493	852
493	185
493	315
493	172
494	494
494	867
494	628
494	616
494	956
494	102
494	500
494	180
494	979
494	745
495	495
495	700
495	608
495	534
495	694
495	909
495	903
495	594
495	277
495	916
496	496
496	543
496	571
496	969
496	938
496	701
496	719
496	848
496	618
496	975
497	497
497	625
497	709
497	564
497	785
497	862
497	95
497	551
497	5
497	615
498	498
498	635
498	63
498	828
498	416
498	137
498	547
498	296
498	255
498	663
499	499
499	971
499	290
499	68
499	634
499	924
499	567
499	778
499	901
499	434
500	500
500	614
500	619
500	349
500	186
500	36
500	688
500	896
500	873
500	796
501	501
501	824
501	727
501	879
501	959
501	996
501	855
501	562
501	350
501	315
502	502
502	797
502	981
502	890
502	915
502	100
502	109
502	201
502	837
502	721
503	503
503	884
503	641
503	796
503	556
503	51
503	893
503	172
503	42
503	809
504	504
504	763
504	954
504	910
504	747
504	41
504	250
504	692
504	166
504	163
505	505
505	835
505	991
505	744
505	522
505	955
505	598
505	842
505	380
505	269
506	506
506	999
506	663
506	748
506	789
506	913
506	182
506	625
506	541
506	552
507	507
507	666
507	525
507	56
507	978
507	546
507	673
507	32
507	168
507	117
508	508
508	577
508	532
508	512
508	655
508	869
508	368
508	923
508	165
508	122
509	509
509	538
509	926
509	826
509	761
509	659
509	103
509	952
509	677
509	772
510	510
510	546
510	673
510	701
510	817
510	832
510	888
510	618
510	571
510	28
511	511
511	849
511	982
511	221
511	56
511	302
511	160
511	965
511	713
511	109
512	512
512	869
512	923
512	655
512	610
512	85
512	367
512	108
512	766
512	631
513	513
513	973
513	723
513	138
513	62
513	469
513	18
513	703
513	94
513	555
514	514
514	686
514	950
514	632
514	844
514	960
514	59
514	805
514	353
514	436
515	515
515	695
515	554
515	644
515	912
515	699
515	714
515	93
515	50
515	923
516	516
516	533
516	269
516	896
516	796
516	362
516	46
516	849
516	314
516	139
517	517
517	834
517	815
517	313
517	367
517	77
517	230
517	145
517	812
517	791
518	518
518	787
518	748
518	738
518	663
518	54
518	14
518	888
518	812
518	606
519	519
519	667
519	647
519	124
519	49
519	790
519	376
519	6
519	413
519	289
520	520
520	935
520	768
520	897
520	780
520	803
520	945
520	558
520	695
520	807
521	521
521	600
521	550
521	882
521	722
521	934
521	586
521	552
521	731
521	265
522	522
522	842
522	744
522	754
522	788
522	955
522	927
522	991
522	545
522	874
523	523
523	649
523	913
523	787
523	505
523	749
523	963
523	835
523	156
523	592
524	524
524	593
524	777
524	995
524	706
524	802
524	476
524	245
524	341
524	36
525	525
525	565
525	906
525	666
525	839
525	40
525	542
525	920
525	593
525	452
526	526
526	555
526	582
526	771
526	381
526	421
526	386
526	353
526	272
526	453
527	527
527	716
527	792
527	668
527	785
527	936
527	733
527	818
527	862
527	24
528	528
528	676
528	819
528	778
528	892
528	529
528	606
528	362
528	1
528	956
529	529
529	606
529	662
529	696
529	676
529	778
529	819
529	892
529	580
529	300
530	530
530	964
530	770
530	894
530	740
530	652
530	688
530	24
530	21
530	53
531	531
531	750
531	794
531	789
531	644
531	93
531	830
531	295
531	575
531	775
532	532
532	577
532	125
532	590
532	853
532	319
532	999
532	605
532	743
532	495
533	533
533	610
533	261
533	456
533	264
533	90
533	14
533	481
533	357
533	431
534	534
534	903
534	608
534	583
534	341
534	201
534	542
534	577
534	515
534	361
535	535
535	909
535	694
535	810
535	418
535	979
535	855
535	610
535	310
535	178
536	536
536	783
536	941
536	608
536	186
536	903
536	823
536	601
536	911
536	988
537	537
537	836
537	611
537	833
537	948
537	568
537	857
537	436
537	594
537	712
538	538
538	926
538	826
538	677
538	772
538	761
538	111
538	822
538	984
538	966
539	539
539	788
539	874
539	759
539	754
539	726
539	693
539	43
539	526
539	450
540	540
540	566
540	811
540	553
540	544
540	800
540	598
540	758
540	541
540	253
541	541
541	800
541	758
541	553
541	598
541	843
541	34
541	835
541	201
541	626
542	542
542	636
542	679
542	937
542	977
542	131
542	823
542	907
542	365
542	184
543	543
543	571
543	969
543	938
543	701
543	719
543	848
543	618
543	415
543	129
544	544
544	566
544	811
544	461
544	814
544	660
544	969
544	333
544	302
544	232
545	545
545	749
545	927
545	963
545	842
545	955
545	754
545	276
545	744
545	786
546	546
546	673
546	618
546	701
546	817
546	571
546	832
546	666
546	888
546	28
547	547
547	617
547	665
547	624
547	773
547	767
547	613
547	814
547	874
547	507
548	548
548	631
548	654
548	962
548	9
548	899
548	7
548	292
548	122
548	788
549	549
549	697
549	753
549	993
549	604
549	664
549	822
549	830
549	228
549	199
550	550
550	882
550	600
550	934
550	731
550	586
550	925
550	872
550	58
550	326
551	551
551	712
551	625
551	709
551	880
551	114
551	25
551	75
551	141
551	722
552	552
552	562
552	430
552	170
552	348
552	130
552	604
552	317
552	149
552	967
553	553
553	800
553	598
553	758
553	843
553	566
553	513
553	314
553	638
553	509
554	554
554	695
554	912
554	644
554	699
554	111
554	724
554	815
554	584
554	639
555	555
555	582
555	771
555	37
555	199
555	831
555	335
555	95
555	411
555	219
556	556
556	796
556	595
556	959
556	76
556	884
556	641
556	270
556	94
556	773
557	557
557	724
557	972
557	840
557	702
557	97
557	680
557	149
557	291
557	542
558	558
558	860
558	895
558	908
558	902
558	866
558	678
558	681
558	26
558	217
559	559
559	689
559	711
559	562
559	756
559	243
559	293
559	926
559	627
559	768
560	560
560	762
560	961
560	793
560	808
560	567
560	71
560	134
560	260
560	734
561	561
561	582
561	771
561	928
561	850
561	94
561	611
561	551
561	488
561	913
562	562
562	689
562	135
562	670
562	115
562	3
562	644
562	780
562	457
562	209
563	563
563	642
563	864
563	99
563	699
563	714
563	848
563	511
563	498
563	429
564	564
564	633
564	828
564	862
564	785
564	95
564	268
564	173
564	226
564	158
565	565
565	906
565	918
565	26
565	839
565	17
565	527
565	476
565	750
565	623
566	566
566	811
566	758
566	34
566	800
566	652
566	441
566	284
566	737
566	839
567	567
567	793
567	762
567	736
567	684
567	961
567	737
567	134
567	140
567	838
568	568
568	805
568	611
568	808
568	844
568	833
568	299
568	59
568	960
568	710
569	569
569	887
569	917
569	896
569	806
569	632
569	537
569	762
569	283
569	254
570	570
570	659
570	878
570	743
570	625
570	171
570	94
570	752
570	557
570	314
571	571
571	701
571	618
571	938
571	969
571	56
571	848
571	241
571	460
571	597
572	572
572	729
572	947
572	630
572	939
572	829
572	949
572	605
572	923
572	411
573	573
573	790
573	743
573	899
573	631
573	468
573	289
573	438
573	226
573	967
574	574
574	992
574	626
574	607
574	921
574	863
574	187
574	791
574	159
574	878
575	575
575	652
575	738
575	688
575	21
575	162
575	964
575	530
575	894
575	269
576	576
576	795
576	984
576	377
576	279
576	169
576	911
576	990
576	804
576	310
577	577
577	29
577	655
577	368
577	512
577	11
577	793
577	118
577	7
577	735
578	578
578	975
578	730
578	930
578	774
578	993
578	705
578	664
578	107
578	29
579	579
579	968
579	756
579	974
579	883
579	863
579	327
579	262
579	377
579	182
580	580
580	775
580	830
580	696
580	662
580	606
580	49
580	640
580	753
580	121
581	581
581	825
581	239
581	819
581	325
581	90
581	185
581	40
581	702
581	923
582	582
582	771
582	928
582	850
582	671
582	18
582	199
582	142
582	111
582	451
583	583
583	903
583	941
583	248
583	397
583	334
583	285
583	918
583	331
583	644
584	584
584	602
584	687
584	976
584	782
584	858
584	966
584	231
584	761
584	504
585	585
585	807
585	594
585	96
585	865
585	609
585	700
585	233
585	706
585	658
586	586
586	882
586	905
586	30
586	829
586	828
586	501
586	328
586	775
586	764
587	587
587	978
587	741
587	618
587	23
587	730
587	780
587	390
587	160
587	818
588	588
588	924
588	14
588	127
588	634
588	401
588	248
588	554
588	480
588	635
589	589
589	705
589	920
589	698
589	816
589	815
589	930
589	22
589	310
589	107
590	590
590	913
590	789
590	794
590	750
590	605
590	424
590	751
590	531
590	481
591	591
591	752
591	943
591	735
591	987
591	227
591	846
591	639
591	871
591	313
592	592
592	898
592	720
592	987
592	932
592	153
592	482
592	255
592	578
592	367
593	593
593	995
593	777
593	802
593	801
593	901
593	92
593	914
593	967
593	221
594	594
594	700
594	807
594	61
594	608
594	694
594	306
594	112
594	484
594	429
595	595
595	959
595	727
595	796
595	453
595	110
595	51
595	842
595	330
595	41
596	596
596	683
596	859
596	827
596	685
596	728
596	396
596	270
596	871
596	144
597	597
597	998
597	248
597	218
597	10
597	230
597	24
597	574
597	345
597	914
598	598
598	800
598	843
598	758
598	461
598	954
598	524
598	431
598	568
598	467
599	599
599	669
599	667
599	732
599	69
599	947
599	656
599	503
599	459
599	236
600	600
600	722
600	934
600	882
600	731
600	75
600	925
600	35
600	207
600	255
601	601
601	783
601	941
601	186
601	944
601	301
601	67
601	997
601	4
601	515
602	602
602	782
602	816
602	698
602	64
602	704
602	354
602	781
602	777
602	536
603	603
603	904
603	737
603	857
603	948
603	983
603	838
603	751
603	853
603	428
604	604
604	822
604	993
604	472
604	424
604	605
604	697
604	965
604	836
604	421
605	605
605	751
605	983
605	853
605	794
605	603
605	439
605	750
605	531
605	464
606	606
606	662
606	696
606	778
606	676
606	819
606	892
606	830
606	49
606	775
607	607
607	992
607	626
607	847
607	921
607	878
607	985
607	295
607	20
607	374
608	608
608	903
608	700
608	186
608	341
608	837
608	715
608	107
608	22
608	973
609	609
609	693
609	658
609	865
609	726
609	759
609	660
609	781
609	706
609	92
610	610
610	869
610	765
610	162
610	585
610	807
610	516
610	819
610	431
610	222
611	611
611	948
611	260
611	836
611	737
611	762
611	265
611	904
611	428
611	353
612	612
612	997
612	74
612	944
612	132
612	193
612	833
612	857
612	52
612	794
613	613
613	773
613	665
613	617
613	624
613	154
613	620
613	658
613	681
613	242
614	614
614	619
614	189
614	658
614	779
614	504
614	257
614	49
614	38
614	633
615	615
615	996
615	886
615	289
615	149
615	94
615	462
615	1
615	455
615	348
616	616
616	629
616	628
616	867
616	102
616	956
616	692
616	910
616	816
616	146
617	617
617	665
617	624
617	814
617	773
617	767
617	122
617	48
617	249
617	214
618	618
618	978
618	741
618	938
618	701
618	441
618	783
618	693
618	604
618	370
619	619
619	994
619	480
619	119
619	801
619	856
619	331
619	193
619	736
619	692
620	620
620	773
620	105
620	122
620	664
620	797
620	516
620	229
620	94
620	76
621	621
621	881
621	684
621	736
621	544
621	177
621	825
621	306
621	186
621	908
622	622
622	776
622	846
622	871
622	803
622	584
622	492
622	796
622	863
622	209
623	623
623	868
623	643
623	998
623	672
623	970
623	218
623	116
623	961
623	748
624	624
624	814
624	767
624	665
624	773
624	147
624	541
624	347
624	616
624	435
625	625
625	709
625	712
625	114
625	491
625	25
625	311
625	161
625	734
625	764
626	626
626	921
626	992
626	769
626	159
626	187
626	791
626	691
626	560
626	428
627	627
627	852
627	776
627	803
627	321
627	919
627	994
627	973
627	641
627	676
628	628
628	956
628	867
628	692
628	910
628	995
628	917
628	518
628	481
628	969
629	629
629	102
629	732
629	920
629	788
629	403
629	302
629	310
629	220
629	775
630	630
630	939
630	856
630	931
630	681
630	866
630	729
630	908
630	947
630	814
631	631
631	962
631	654
631	899
631	790
631	74
631	944
631	9
631	348
631	979
632	632
632	917
632	950
632	686
632	290
632	887
632	896
632	645
632	806
632	860
633	633
633	828
633	862
633	635
633	160
633	373
633	306
633	933
633	823
633	798
634	634
634	858
634	976
634	855
634	14
634	538
634	103
634	675
634	951
634	389
635	635
635	828
635	721
635	390
635	837
635	890
635	173
635	241
635	873
635	733
636	636
636	937
636	977
636	679
636	297
636	430
636	72
636	764
636	563
636	407
637	637
637	951
637	798
637	674
637	825
637	611
637	50
637	476
637	108
637	981
638	638
638	387
638	707
638	712
638	341
638	193
638	590
638	523
638	952
638	438
639	639
639	815
639	589
639	194
639	136
639	265
639	259
639	992
639	498
639	224
640	640
640	825
640	696
640	356
640	662
640	314
640	171
640	714
640	652
640	497
641	641
641	884
641	727
641	879
641	350
641	824
641	501
641	796
641	491
641	596
642	642
642	864
642	699
642	714
642	912
642	55
642	358
642	230
642	537
642	467
643	643
643	868
643	998
643	672
643	215
643	781
643	223
643	169
643	876
643	561
644	644
644	695
644	93
644	33
644	750
644	181
644	407
644	555
644	321
644	3
645	645
645	891
645	806
645	896
645	290
645	887
645	626
645	478
645	281
645	122
646	646
646	989
646	804
646	285
646	876
646	589
646	338
646	358
646	98
646	812
647	647
647	988
647	821
647	667
647	894
647	810
647	449
647	194
647	895
647	740
648	648
648	879
648	671
648	565
648	507
648	586
648	72
648	475
648	301
648	763
649	649
649	787
649	133
649	355
649	450
649	94
649	549
649	338
649	676
649	373
650	650
650	707
650	820
650	974
650	883
650	233
650	768
650	119
650	47
650	540
651	651
651	870
651	764
651	943
651	471
651	952
651	941
651	360
651	264
651	599
652	652
652	688
652	964
652	740
652	894
652	770
652	145
652	168
652	24
652	519
653	653
653	985
653	20
653	670
653	648
653	328
653	152
653	8
653	823
653	687
654	654
654	997
654	944
654	962
654	67
654	99
654	93
654	671
654	432
654	362
655	655
655	923
655	730
655	313
655	869
655	975
655	22
655	774
655	29
655	310
656	656
656	958
656	682
656	942
656	861
656	877
656	746
656	106
656	25
656	12
657	657
657	940
657	675
657	661
657	855
657	188
657	114
657	685
657	785
657	932
658	658
658	865
658	693
658	660
658	781
658	706
658	759
658	726
658	256
658	216
659	659
659	761
659	704
659	965
659	841
659	905
659	952
659	782
659	538
659	233
660	660
660	781
660	693
660	865
660	706
660	96
660	759
660	726
660	434
660	616
661	661
661	855
661	940
661	55
661	675
661	976
661	48
661	420
661	330
661	600
662	662
662	696
662	830
662	775
662	778
662	676
662	892
662	819
662	143
662	770
663	663
663	748
663	999
663	93
663	787
663	357
663	739
663	637
663	382
663	946
664	664
664	993
664	697
664	753
664	774
664	775
664	374
664	830
664	483
664	737
665	665
665	773
665	814
665	767
665	369
665	275
665	738
665	823
665	822
665	801
666	666
666	673
666	116
666	56
666	978
666	32
666	870
666	553
666	505
666	828
667	667
667	821
667	988
667	643
667	583
667	685
667	736
667	559
667	492
667	577
668	668
668	733
668	792
668	716
668	936
668	818
668	766
668	848
668	319
668	767
669	669
669	732
669	69
669	633
669	173
669	841
669	607
669	486
669	900
669	872
670	670
670	739
670	829
670	690
670	769
670	151
670	939
670	985
670	931
670	766
671	671
671	919
671	742
671	980
671	170
671	850
671	928
671	252
671	202
671	84
672	672
672	998
672	970
672	868
672	851
672	82
672	725
672	645
672	13
672	250
673	673
673	817
673	713
673	832
673	990
673	888
673	221
673	460
673	211
673	980
674	674
674	798
674	951
674	971
674	812
674	658
674	254
674	665
674	620
674	734
675	675
675	940
675	44
675	197
675	784
675	933
675	711
675	55
675	679
675	525
676	676
676	819
676	778
676	696
676	892
676	121
676	239
676	49
676	581
676	457
677	677
677	826
677	772
677	779
677	484
677	176
677	891
677	333
677	160
677	227
678	678
678	895
678	900
678	860
678	908
678	902
678	88
678	756
678	46
678	681
679	679
679	977
679	907
679	786
679	462
679	874
679	479
679	937
679	27
679	127
680	680
680	875
680	702
680	724
680	972
680	171
680	840
680	980
680	812
680	471
681	681
681	908
681	866
681	860
681	895
681	856
681	939
681	362
681	34
681	946
682	682
682	958
682	861
682	942
682	80
682	877
682	753
682	475
682	444
682	568
683	683
683	827
683	685
683	859
683	728
683	933
683	68
683	896
683	877
683	620
684	684
684	736
684	838
684	737
684	793
684	904
684	259
684	881
684	140
684	467
685	685
685	827
685	933
685	728
685	859
685	940
685	425
685	60
685	762
685	90
686	686
686	950
686	805
686	844
686	960
686	50
686	404
686	833
686	154
686	282
687	687
687	976
687	966
687	858
687	470
687	342
687	490
687	67
687	283
687	118
688	688
688	740
688	964
688	770
688	894
688	162
688	53
688	545
688	293
688	486
689	689
689	141
689	711
689	167
689	969
689	848
689	924
689	950
689	791
689	660
690	690
690	931
690	939
690	1
690	856
690	118
690	725
690	664
690	29
690	473
691	691
691	845
691	101
691	234
691	10
691	978
691	937
691	217
691	122
691	805
692	692
692	910
692	956
692	442
692	867
692	435
692	953
692	96
692	92
692	350
693	693
693	781
693	759
693	865
693	726
693	706
693	43
693	233
693	765
693	254
694	694
694	909
694	700
694	328
694	226
694	176
694	469
694	350
694	536
694	373
695	695
695	912
695	699
695	407
695	714
695	480
695	117
695	99
695	671
695	561
696	696
696	830
696	775
696	778
696	819
696	892
696	905
696	661
696	247
696	783
697	697
697	753
697	993
697	830
697	775
697	822
697	390
697	173
697	944
697	949
698	698
698	816
698	930
698	705
698	782
698	920
698	839
698	433
698	337
698	808
699	699
699	714
699	912
699	864
699	754
699	942
699	420
699	288
699	688
699	190
700	700
700	807
700	909
700	924
700	878
700	926
700	714
700	602
700	263
700	691
701	701
701	969
701	812
701	889
701	888
701	416
701	832
701	292
701	221
701	817
702	702
702	724
702	972
702	840
702	875
702	62
702	980
702	850
702	94
702	145
703	703
703	723
703	809
703	796
703	600
703	141
703	678
703	217
703	771
703	888
704	704
704	965
704	761
704	841
704	782
704	905
704	738
704	635
704	268
704	845
705	705
705	920
705	930
705	975
705	815
705	730
705	816
705	952
705	904
705	728
706	706
706	865
706	781
706	96
706	800
706	941
706	815
706	908
706	481
706	93
707	707
707	820
707	45
707	951
707	756
707	292
707	152
707	688
707	533
707	487
708	708
708	849
708	982
708	432
708	188
708	54
708	824
708	551
708	314
708	534
709	709
709	95
709	785
709	195
709	712
709	916
709	306
709	840
709	475
709	331
710	710
710	960
710	844
710	808
710	290
710	805
710	436
710	360
710	204
710	850
711	711
711	839
711	599
711	435
711	913
711	981
711	404
711	265
711	584
711	227
712	712
712	880
712	138
712	25
712	396
712	600
712	448
712	721
712	767
712	626
713	713
713	990
713	817
713	832
713	888
713	984
713	66
713	441
713	510
713	222
714	714
714	864
714	912
714	117
714	554
714	917
714	934
714	776
714	575
714	516
715	715
715	881
715	838
715	208
715	439
715	751
715	983
715	820
715	605
715	320
716	716
716	792
716	733
716	818
716	785
716	936
716	19
716	862
716	315
716	982
717	717
717	24
717	249
717	852
717	110
717	145
717	331
717	251
717	281
717	154
718	718
718	745
718	929
718	831
718	75
718	424
718	52
718	838
718	318
718	293
719	719
719	969
719	766
719	241
719	812
719	889
719	765
719	806
719	589
719	12
720	720
720	987
720	898
720	846
720	766
720	302
720	63
720	782
720	655
720	578
721	721
721	837
721	878
721	847
721	187
721	890
721	981
721	607
721	766
721	916
722	722
722	953
722	851
722	934
722	75
722	731
722	970
722	550
722	785
722	877
723	723
723	973
723	51
723	796
723	809
723	97
723	314
723	656
723	327
723	754
724	724
724	972
724	840
724	62
724	15
724	875
724	252
724	396
724	94
724	661
725	725
725	77
725	127
725	412
725	490
725	392
725	631
725	477
725	942
725	561
726	726
726	759
726	765
726	907
726	865
726	781
726	444
726	372
726	664
726	86
727	727
727	824
727	879
727	959
727	973
727	854
727	477
727	36
727	343
727	194
728	728
728	827
728	791
728	478
728	368
728	12
728	775
728	797
728	410
728	73
729	729
729	947
729	378
729	939
729	829
729	949
729	890
729	621
729	351
729	552
730	730
730	975
730	930
730	774
730	920
730	923
730	29
730	72
730	536
730	398
731	731
731	934
731	925
731	872
731	882
731	745
731	831
731	433
731	91
731	484
732	732
732	442
732	79
732	248
732	215
732	446
732	314
732	972
732	789
732	761
733	733
733	818
733	792
733	848
733	938
733	19
733	195
733	543
733	923
733	566
734	734
734	961
734	808
734	146
734	134
734	541
734	319
734	225
734	825
734	553
735	735
735	798
735	951
735	752
735	943
735	376
735	347
735	770
735	686
735	465
736	736
736	838
736	793
736	439
736	737
736	762
736	904
736	467
736	881
736	299
737	737
737	904
737	948
737	857
737	838
737	71
737	836
737	299
737	472
737	793
738	738
738	168
738	516
738	98
738	983
738	715
738	621
738	653
738	23
738	684
739	739
739	829
739	769
739	378
739	653
739	52
739	647
739	10
739	652
739	162
740	740
740	964
740	770
740	98
740	894
740	21
740	190
740	953
740	766
740	989
741	741
741	978
741	56
741	16
741	938
741	848
741	793
741	739
741	203
741	900
742	742
742	919
742	980
742	37
742	762
742	933
742	605
742	52
742	735
742	426
743	743
743	251
743	131
743	790
743	282
743	81
743	443
743	456
743	145
743	828
744	744
744	842
744	754
744	788
744	955
744	991
744	318
744	927
744	874
744	835
745	745
745	929
745	831
745	934
745	749
745	872
745	925
745	143
745	692
745	48
746	746
746	877
746	942
746	901
746	909
746	724
746	97
746	988
746	719
746	701
747	747
747	954
747	886
747	763
747	429
747	219
747	608
747	418
747	993
747	920
748	748
748	787
748	999
748	190
748	910
748	854
748	502
748	123
748	833
748	723
749	749
749	963
749	927
749	842
749	786
749	522
749	754
749	955
749	874
749	276
750	750
750	789
750	794
750	999
750	93
750	208
750	7
750	744
750	33
750	913
751	751
751	983
751	87
751	853
751	794
751	838
751	881
751	52
751	788
751	506
752	752
752	943
752	951
752	798
752	369
752	904
752	396
752	237
752	72
752	504
753	753
753	830
753	775
753	993
753	463
753	144
753	281
753	147
753	406
753	191
754	754
754	788
754	842
754	874
754	927
754	955
754	963
754	991
754	505
754	27
755	755
755	922
755	813
755	784
755	810
755	914
755	963
755	693
755	27
755	272
756	756
756	902
756	895
756	558
756	613
756	860
756	50
756	891
756	361
756	93
757	757
757	957
757	946
757	986
757	703
757	556
757	829
757	770
757	693
757	118
758	758
758	800
758	158
758	544
758	490
758	104
758	845
758	686
758	458
758	373
759	759
759	765
759	781
759	907
759	865
759	434
759	251
759	860
759	157
759	134
760	760
760	854
760	100
760	802
760	801
760	901
760	843
760	777
760	651
760	319
761	761
761	965
761	841
761	64
761	822
761	905
761	952
761	782
761	926
761	463
762	762
762	793
762	961
762	808
762	428
762	260
762	684
762	568
762	604
762	737
763	763
763	954
763	257
763	417
763	771
763	701
763	152
763	444
763	331
763	151
764	764
764	870
764	225
764	124
764	38
764	29
764	376
764	16
764	822
764	970
765	765
765	907
765	349
765	96
765	609
765	823
765	184
765	484
765	394
765	738
766	766
766	936
766	139
766	916
766	317
766	809
766	389
766	241
766	172
766	733
767	767
767	814
767	165
767	516
767	105
767	223
767	956
767	711
767	430
767	838
768	768
768	897
768	935
768	803
768	780
768	945
768	115
768	179
768	753
768	696
769	769
769	921
769	829
769	992
769	167
769	985
769	850
769	999
769	454
769	346
770	770
770	894
770	964
770	98
770	456
770	864
770	168
770	145
770	575
770	230
771	771
771	170
771	37
771	18
771	624
771	122
771	587
771	415
771	486
771	187
772	772
772	826
772	385
772	872
772	143
772	959
772	164
772	92
772	470
772	65
773	773
773	88
773	594
773	379
773	867
773	675
773	381
773	884
773	752
773	375
774	774
774	975
774	12
774	690
774	23
774	537
774	334
774	846
774	720
774	591
775	775
775	830
775	529
775	386
775	124
775	49
775	640
775	268
775	109
775	780
776	776
776	871
776	803
776	846
776	369
776	6
776	577
776	39
776	878
776	984
777	777
777	995
777	802
777	801
777	901
777	854
777	100
777	92
777	469
777	317
778	778
778	892
778	819
778	779
778	356
778	374
778	830
778	925
778	789
778	709
779	779
779	892
779	926
779	528
779	527
779	466
779	410
779	853
779	520
779	214
780	780
780	897
780	945
780	935
780	803
780	453
780	101
780	717
780	269
780	205
781	781
781	865
781	96
781	118
781	434
781	854
781	596
781	381
781	666
781	510
782	782
782	816
782	65
782	965
782	103
782	841
782	897
782	931
782	612
782	583
783	783
783	941
783	306
783	131
783	184
783	711
783	342
783	828
783	930
783	761
784	784
784	922
784	810
784	813
784	933
784	381
784	914
784	421
784	835
784	698
785	785
785	862
785	792
785	440
785	245
785	633
785	390
785	470
785	556
785	513
786	786
786	977
786	963
786	244
786	318
786	298
786	141
786	857
786	956
786	818
787	787
787	468
787	297
787	821
787	951
787	267
787	78
787	263
787	135
787	849
788	788
788	842
788	874
788	318
788	118
788	27
788	927
788	955
788	545
788	749
789	789
789	794
789	999
789	913
789	355
789	117
789	208
789	505
789	663
789	644
790	790
790	899
790	962
790	443
790	297
790	850
790	417
790	41
790	811
790	933
791	791
791	863
791	911
791	992
791	167
791	279
791	345
791	719
791	112
791	566
792	792
792	818
792	936
792	241
792	848
792	253
792	531
792	208
792	299
792	50
793	793
793	961
793	808
793	265
793	134
793	400
793	611
793	290
793	260
793	783
794	794
794	853
794	983
794	913
794	181
794	36
794	931
794	753
794	662
794	256
795	795
795	984
795	990
795	216
795	882
795	512
795	313
795	704
795	370
795	684
796	796
796	51
796	884
796	809
796	250
796	172
796	513
796	350
796	959
796	76
797	797
797	981
797	890
797	915
797	201
797	486
797	837
797	721
797	603
797	849
798	798
798	951
798	113
798	275
798	667
798	271
798	869
798	778
798	580
798	382
799	799
799	885
799	967
799	979
799	83
799	79
799	113
799	203
799	20
799	700
800	800
800	843
800	347
800	534
800	646
800	47
800	554
800	407
800	710
800	560
801	801
801	802
801	901
801	911
801	995
801	863
801	201
801	524
801	222
801	866
802	802
802	901
802	995
802	911
802	863
802	201
802	570
802	242
802	364
802	333
803	803
803	897
803	935
803	200
803	161
803	712
803	114
803	989
803	928
803	698
804	804
804	989
804	876
804	464
804	198
804	580
804	356
804	571
804	389
804	372
805	805
805	844
805	960
805	833
805	265
805	808
805	294
805	950
805	465
805	84
806	806
806	896
806	891
806	887
806	917
806	120
806	458
806	294
806	828
806	272
807	807
807	865
807	264
807	609
807	61
807	810
807	812
807	767
807	358
807	138
808	808
808	50
808	961
808	844
808	59
808	960
808	436
808	259
808	611
808	5
809	809
809	884
809	893
809	211
809	287
809	39
809	322
809	29
809	903
809	869
810	810
810	922
810	430
810	277
810	416
810	66
810	540
810	505
810	558
810	89
811	811
811	835
811	553
811	995
811	729
811	478
811	558
811	281
811	716
811	241
812	812
812	889
812	969
812	888
812	292
812	441
812	832
812	137
812	496
812	4
813	813
813	914
813	922
813	510
813	543
813	416
813	933
813	571
813	482
813	831
814	814
814	165
814	147
814	105
814	269
814	879
814	655
814	148
814	382
814	356
815	815
815	920
815	367
815	22
815	77
815	178
815	220
815	956
815	988
815	331
816	816
816	198
816	930
816	584
816	274
816	112
816	8
816	144
816	69
816	332
817	817
817	832
817	888
817	990
817	66
817	91
817	881
817	735
817	637
817	946
818	818
818	848
818	938
818	16
818	195
818	2
818	343
818	77
818	327
818	63
819	819
819	121
819	892
819	239
819	49
819	825
819	817
819	812
819	869
819	578
820	820
820	60
820	352
820	881
820	313
820	476
820	335
820	775
820	549
820	400
821	821
821	988
821	519
821	140
821	417
821	405
821	976
821	889
821	597
821	583
822	822
822	965
822	926
822	993
822	103
822	338
822	107
822	750
822	125
822	876
823	823
823	937
823	907
823	61
823	264
823	43
823	233
823	861
823	616
823	500
824	824
824	879
824	959
824	595
824	975
824	524
824	254
824	825
824	964
824	933
825	825
825	529
825	676
825	696
825	370
825	212
825	472
825	428
825	679
825	251
826	826
826	174
826	952
826	739
826	690
826	459
826	255
826	442
826	280
826	552
827	827
827	933
827	859
827	197
827	298
827	836
827	532
827	29
827	400
827	157
828	828
828	224
828	268
828	336
828	70
828	123
828	333
828	63
828	833
828	581
829	829
829	20
829	939
829	362
829	690
829	121
829	940
829	323
829	155
829	931
830	830
830	529
830	892
830	289
830	235
830	243
830	46
830	499
830	31
830	936
831	831
831	929
831	934
831	953
831	161
831	722
831	601
831	468
831	809
831	317
832	832
832	888
832	990
832	66
832	889
832	181
832	87
832	602
832	65
832	952
833	833
833	353
833	50
833	260
833	611
833	272
833	844
833	334
833	880
833	162
834	834
834	98
834	983
834	546
834	32
834	907
834	188
834	90
834	986
834	985
835	835
835	991
835	955
835	276
835	540
835	522
835	380
835	287
835	150
835	408
836	836
836	948
836	857
836	876
836	52
836	467
836	603
836	904
836	47
836	62
837	837
837	878
837	847
837	123
837	108
837	890
837	268
837	607
837	981
837	116
838	838
838	881
838	904
838	52
838	983
838	424
838	467
838	621
838	26
838	381
839	839
839	866
839	906
839	918
839	1
839	209
839	40
839	908
839	129
839	558
840	840
840	972
840	850
840	62
840	928
840	980
840	97
840	396
840	170
840	875
841	841
841	905
841	965
841	952
841	58
841	470
841	90
841	613
841	479
841	243
842	842
842	874
842	955
842	927
842	991
842	963
842	539
842	916
842	509
842	65
843	843
843	854
843	118
843	253
843	502
843	336
843	989
843	469
843	255
843	950
844	844
844	960
844	68
844	950
844	822
844	704
844	918
844	971
844	920
844	993
845	845
845	101
845	563
845	863
845	411
845	352
845	544
845	206
845	21
845	731
846	846
846	987
846	871
846	179
846	115
846	718
846	672
846	401
846	190
846	57
847	847
847	878
847	258
847	109
847	895
847	125
847	117
847	633
847	476
847	405
848	848
848	938
848	16
848	245
848	440
848	226
848	560
848	467
848	897
848	476
849	849
849	982
849	224
849	333
849	387
849	173
849	364
849	16
849	981
849	649
850	850
850	928
850	972
850	980
850	37
850	919
850	557
850	252
850	270
850	357
851	851
851	953
851	970
851	177
851	34
851	476
851	390
851	441
851	56
851	720
852	852
852	287
852	275
852	758
852	638
852	971
852	777
852	254
852	134
852	71
853	853
853	983
853	876
853	857
853	87
853	52
853	531
853	750
853	728
853	452
854	854
854	92
854	660
854	524
854	992
854	658
854	43
854	575
854	57
854	438
855	855
855	976
855	940
855	127
855	90
855	858
855	394
855	980
855	727
855	556
856	856
856	939
856	931
856	866
856	908
856	572
856	603
856	47
856	484
856	438
857	857
857	948
857	904
857	876
857	611
857	983
857	439
857	669
857	271
857	755
858	858
858	976
858	247
858	263
858	966
858	216
858	877
858	251
858	184
858	453
859	859
859	55
859	238
859	620
859	165
859	852
859	337
859	402
859	131
859	692
860	860
860	895
860	908
860	866
860	902
860	26
860	217
860	330
860	739
860	345
861	861
861	958
861	942
861	106
861	302
861	437
861	91
861	581
861	239
861	852
862	862
862	195
862	150
862	651
862	337
862	507
862	129
862	714
862	644
862	856
863	863
863	911
863	901
863	258
863	992
863	452
863	167
863	462
863	125
863	99
864	864
864	354
864	894
864	946
864	706
864	349
864	166
864	113
864	66
864	28
865	865
865	349
865	233
865	681
865	243
865	980
865	936
865	512
865	261
865	364
866	866
866	908
866	931
866	895
866	939
866	26
866	262
866	889
866	823
866	251
867	867
867	956
867	83
867	979
867	910
867	405
867	157
867	294
867	50
867	238
868	868
868	998
868	970
868	110
868	525
868	209
868	948
868	408
868	149
868	689
869	869
869	923
869	85
869	322
869	466
869	367
869	73
869	430
869	358
869	725
870	870
870	225
870	319
870	483
870	943
870	639
870	698
870	604
870	594
870	233
871	871
871	943
871	225
871	936
871	370
871	65
871	762
871	134
871	400
871	761
872	872
872	925
872	934
872	882
872	600
872	952
872	142
872	778
872	775
872	661
873	873
873	129
873	235
873	565
873	485
873	382
873	239
873	693
873	256
873	991
874	874
874	318
874	380
874	276
874	545
874	963
874	927
874	907
874	736
874	560
875	875
875	980
875	972
875	627
875	433
875	747
875	79
875	876
875	453
875	313
876	876
876	989
876	948
876	126
876	480
876	603
876	178
876	171
876	149
876	464
877	877
877	15
877	958
877	316
877	106
877	942
877	446
877	850
877	724
877	270
878	878
878	336
878	268
878	123
878	502
878	97
878	357
878	355
878	666
878	28
879	879
879	447
879	695
879	93
879	967
879	482
879	172
879	238
879	214
879	830
880	880
880	973
880	97
880	62
880	916
880	139
880	723
880	49
880	904
880	748
881	881
881	424
881	351
881	983
881	208
881	366
881	928
881	794
881	644
881	916
882	882
882	925
882	934
882	75
882	58
882	722
882	568
882	560
882	703
882	255
883	883
883	974
883	968
883	147
883	405
883	363
883	612
883	601
883	792
883	406
884	884
884	893
884	51
884	42
884	328
884	703
884	495
884	306
884	687
884	634
885	885
885	967
885	79
885	176
885	405
885	766
885	320
885	399
885	314
885	768
886	886
886	996
886	79
886	45
886	226
886	954
886	622
886	473
886	152
886	326
887	887
887	896
887	917
887	891
887	161
887	366
887	269
887	642
887	344
887	875
888	888
888	889
888	66
888	990
888	152
888	137
888	171
888	730
888	338
888	754
889	889
889	969
889	221
889	292
889	441
889	482
889	118
889	449
889	188
889	404
890	890
890	981
890	915
890	486
890	272
890	707
890	155
890	347
890	17
890	406
891	891
891	896
891	13
891	569
891	245
891	753
891	604
891	905
891	770
891	53
892	892
892	374
892	797
892	100
892	790
892	130
892	963
892	578
892	220
892	721
893	893
893	51
893	308
893	706
893	593
893	613
893	147
893	456
893	24
893	651
894	894
894	964
894	169
894	230
894	437
894	548
894	348
894	711
894	72
894	359
895	895
895	908
895	902
895	900
895	217
895	88
895	286
895	281
895	289
895	488
896	896
896	917
896	294
896	458
896	120
896	446
896	624
896	192
896	876
896	52
897	897
897	935
897	945
897	776
897	622
897	467
897	259
897	127
897	54
897	635
898	898
898	932
898	987
898	153
898	275
898	108
898	353
898	294
898	643
898	132
899	899
899	962
899	748
899	205
899	872
899	718
899	991
899	620
899	339
899	885
900	900
900	949
900	46
900	681
900	180
900	442
900	30
900	822
900	753
900	666
901	901
901	911
901	995
901	222
901	502
901	565
901	759
901	118
901	932
901	921
902	902
902	88
902	154
902	243
902	735
902	163
902	474
902	452
902	242
902	83
903	903
903	360
903	941
903	306
903	700
903	528
903	356
903	872
903	200
903	705
904	904
904	948
904	983
904	472
904	71
904	751
904	567
904	424
904	86
904	757
905	905
905	952
905	198
905	965
905	448
905	326
905	289
905	466
905	358
905	473
906	906
906	918
906	986
906	112
906	916
906	698
906	12
906	965
906	492
906	470
907	907
907	233
907	184
907	349
907	294
907	68
907	925
907	908
907	598
907	164
908	908
908	1
908	243
908	286
908	900
908	888
908	112
908	807
908	658
908	939
909	909
909	594
909	984
909	484
909	405
909	691
909	24
909	862
909	792
909	483
910	910
910	956
910	442
910	330
910	48
910	332
910	392
910	325
910	636
910	373
911	911
911	100
911	159
911	574
911	995
911	258
911	271
911	240
911	449
911	343
912	912
912	125
912	579
912	122
912	944
912	529
912	374
912	409
912	368
912	312
913	913
913	87
913	133
913	999
913	427
913	649
913	267
913	373
913	264
913	946
914	914
914	933
914	216
914	922
914	995
914	774
914	319
914	765
914	434
914	985
915	915
915	981
915	100
915	828
915	108
915	454
915	175
915	854
915	802
915	181
916	916
916	936
916	138
916	195
916	314
916	408
916	668
916	723
916	133
916	32
917	917
917	950
917	294
917	514
917	272
917	23
917	519
917	267
917	584
917	198
918	918
918	986
918	946
918	116
918	462
918	743
918	193
918	118
918	27
918	948
919	919
919	980
919	252
919	170
919	202
919	434
919	43
919	835
919	598
919	106
920	920
920	930
920	975
920	517
920	85
920	107
920	338
920	15
920	773
920	154
921	921
921	992
921	159
921	985
921	187
921	963
921	733
921	496
921	853
921	305
922	922
922	509
922	326
922	827
922	452
922	64
922	58
922	847
922	371
922	825
923	923
923	11
923	310
923	322
923	410
923	86
923	22
923	577
923	975
923	409
924	924
924	949
924	412
924	247
924	286
924	662
924	127
924	14
924	616
924	420
925	925
925	934
925	200
925	831
925	958
925	800
925	505
925	772
925	142
925	852
926	926
926	463
926	677
926	965
926	803
926	482
926	296
926	897
926	383
926	880
927	927
927	963
927	955
927	276
927	991
927	7
927	709
927	691
927	206
927	586
928	928
928	972
928	37
928	980
928	399
928	557
928	135
928	920
928	578
928	820
929	929
929	75
929	621
929	937
929	752
929	376
929	150
929	21
929	979
929	328
930	930
930	975
930	313
930	310
930	993
930	11
930	367
930	148
930	250
930	203
931	931
931	939
931	681
931	46
931	16
931	853
931	208
931	546
931	221
931	860
932	932
932	971
932	499
932	426
932	839
932	999
932	975
932	758
932	283
932	331
933	933
933	197
933	128
933	90
933	940
933	325
933	452
933	425
933	61
933	698
934	934
934	326
934	22
934	436
934	183
934	961
934	937
934	728
934	325
934	926
935	935
935	945
935	179
935	212
935	657
935	485
935	735
935	346
935	453
935	145
936	936
936	245
936	440
936	335
936	296
936	733
936	709
936	5
936	506
936	168
937	937
937	244
937	301
937	297
937	977
937	455
937	130
937	743
937	591
937	437
938	938
938	137
938	969
938	605
938	47
938	473
938	459
938	654
938	193
938	745
939	939
939	46
939	947
939	739
939	161
939	321
939	24
939	870
939	6
939	848
940	940
940	14
940	188
940	381
940	618
940	313
940	220
940	802
940	222
940	596
941	941
941	36
941	379
941	306
941	534
941	608
941	969
941	580
941	38
941	920
942	942
942	958
942	982
942	114
942	25
942	816
942	455
942	331
942	30
942	10
943	943
943	714
943	181
943	918
943	558
943	712
943	171
943	656
943	302
943	139
944	944
944	997
944	36
944	130
944	548
944	743
944	5
944	518
944	358
944	210
945	945
945	269
945	384
945	351
945	312
945	266
945	734
945	710
945	999
945	717
946	946
946	986
946	957
946	209
946	26
946	281
946	479
946	217
946	40
946	53
947	947
947	949
947	378
947	993
947	587
947	546
947	911
947	502
947	679
947	365
948	948
948	428
948	439
948	285
948	147
948	89
948	307
948	222
948	532
948	3
949	949
949	54
949	362
949	425
949	381
949	918
949	525
949	440
949	406
949	909
950	950
950	290
950	960
950	59
950	13
950	430
950	825
950	606
950	891
950	638
951	951
951	113
951	346
951	376
951	275
951	566
951	513
951	488
951	464
951	125
952	952
952	65
952	103
952	538
952	64
952	143
952	586
952	598
952	566
952	400
953	953
953	311
953	970
953	75
953	215
953	242
953	955
953	699
953	93
953	701
954	954
954	79
954	956
954	112
954	460
954	416
954	697
954	580
954	793
954	260
955	955
955	991
955	963
955	7
955	967
955	230
955	190
955	834
955	229
955	970
956	956
956	330
956	363
956	257
956	405
956	621
956	71
956	979
956	161
956	35
957	957
957	986
957	235
957	711
957	562
957	362
957	286
957	560
957	156
957	719
958	958
958	80
958	746
958	255
958	943
958	493
958	557
958	138
958	883
958	649
959	959
959	76
959	641
959	540
959	34
959	943
959	275
959	863
959	100
959	940
960	960
960	260
960	265
960	404
960	68
960	683
960	189
960	156
960	689
960	35
961	961
961	265
961	71
961	156
961	885
961	439
961	384
961	713
961	546
961	783
962	962
962	379
962	534
962	418
962	740
962	575
962	938
962	335
962	319
962	287
963	963
963	380
963	522
963	7
963	276
963	744
963	667
963	266
963	757
963	209
964	964
964	24
964	21
964	53
964	223
964	353
964	299
964	640
964	637
964	308
965	965
965	64
965	509
965	538
965	268
965	947
965	829
965	405
965	146
965	226
966	966
966	976
966	135
966	419
966	79
966	255
966	42
966	644
966	354
966	514
967	967
967	979
967	257
967	146
967	134
967	48
967	420
967	13
967	841
967	602
968	968
968	974
968	427
968	47
968	785
968	335
968	310
968	86
968	614
968	102
969	969
969	152
969	112
969	441
969	315
969	241
969	510
969	899
969	81
969	588
970	970
970	998
970	397
970	643
970	55
970	910
970	435
970	679
970	373
970	590
971	971
971	31
971	163
971	375
971	113
971	181
971	655
971	85
971	557
971	399
972	972
972	396
972	97
972	980
972	15
972	346
972	31
972	832
972	137
972	954
973	973
973	408
973	139
973	557
973	41
973	739
973	371
973	813
973	381
973	463
974	974
974	147
974	103
974	837
974	574
974	373
974	274
974	725
974	634
974	748
975	975
975	338
975	220
975	178
975	368
975	107
975	589
975	993
975	815
975	181
976	976
976	127
976	342
976	862
976	440
976	539
976	522
976	722
976	215
976	660
977	977
977	216
977	705
977	11
977	962
977	74
977	913
977	181
977	420
977	226
978	978
978	546
978	938
978	701
978	928
978	702
978	811
978	800
978	865
978	256
979	979
979	176
979	420
979	885
979	400
979	410
979	368
979	899
979	468
979	921
980	980
980	291
980	199
980	37
980	170
980	450
980	270
980	739
980	890
980	201
981	981
981	201
981	486
981	635
981	751
981	750
981	447
981	328
981	929
981	731
982	982
982	63
982	224
982	491
982	533
982	377
982	324
982	240
982	612
982	395
983	983
983	52
983	87
983	737
983	590
983	719
983	152
983	706
983	254
983	530
984	984
984	990
984	28
984	429
984	41
984	284
984	673
984	168
984	838
984	605
985	985
985	187
985	626
985	739
985	590
985	506
985	809
985	139
985	684
985	299
986	986
986	129
986	789
986	605
986	870
986	640
986	923
986	517
986	763
986	136
987	987
987	664
987	580
987	710
987	299
987	995
987	795
987	438
987	233
987	27
988	988
988	519
988	10
988	78
988	679
988	274
988	317
988	51
988	591
988	207
989	989
989	126
989	47
989	285
989	33
989	479
989	122
989	247
989	44
989	486
990	990
990	221
990	136
990	100
990	626
990	258
990	925
990	718
990	954
990	438
991	991
991	380
991	788
991	318
991	257
991	219
991	725
991	620
991	907
991	539
992	992
992	20
992	258
992	187
992	307
992	486
992	952
992	882
992	429
992	144
993	993
993	107
993	12
993	86
993	374
993	774
993	852
993	115
993	973
993	703
994	994
994	271
994	66
994	429
994	10
994	447
994	266
994	639
994	232
994	739
995	995
995	256
995	216
995	863
995	279
995	195
995	5
995	768
995	383
995	532
996	996
996	289
996	91
996	826
996	370
996	472
996	427
996	375
996	275
996	911
997	997
997	282
997	777
997	400
997	156
997	372
997	250
997	298
997	135
997	785
998	998
998	132
998	391
998	723
998	320
998	532
998	39
998	467
998	260
998	495
999	999
999	133
999	531
999	590
999	125
999	407
999	204
999	127
999	104
999	552
